5888
-1593835724
40108032
-242433
-536871256
524288
44032
335543624
-34275329
-331521
507
-39256066
-64513
-805307308
-3407872
34560
553646911
-16252927
104192
1996489180
19070976
-102401
-1879048368
13369343
57344
268435516
-61538309
-12289
-83885660
41353216
90880
-218103204
13893631
-1
-788529248
-35389443
-37633
1191182372
-22020098
50944
-452985429
-18612225
-10241
16776867
-21430274
-45825
-2130706845
6094847
-198657
-855638569
21692418
52224
-134217297
23330815
-151553
-1392509168
4128768
-203777
738198047
46465023
-129793
1325400507
70189060
-164865
-218103780
-458753
-92929
1677720931
29884416
127744
536871047
-22478852
174848
1342177264
-17039361
-60417
-251658545
21757953
102400
-1358954212
14090240
-122625
-67109353
44498945
55040
1610612319
94830596
155648
-402653397
-23592965
118784
1207959548
46923776
-200705
553647660
6291457
-62465
-281
-3866627
-22273
-285212621
2424830
-111361
-1157627521
-10747905
211968
486538979
-40108037
-200449
-402652741
-8323073
-177921
1006632848
-21757953
37888
-624
32964609
-54017
587203424
-31981569
37632
1560280195
54788097
93184
939523796
-38731780
-240641
1191182547
15466498
157440
939524436
-90963973
-17409
1795162183
-20119553
113664
-922747469
-1572863
142336
83885263
8912895
73472
-956300692
-5242881
-15105
-805305328
29032448
-141057
-1207960113
-48758785
128000
-520093853
-30736382
-58369
-1476395601
-51707904
81664
-1056964904
68354049
151552
-788529401
-73072645
-35841
-1157627581
-78577666
60160
-738197648
-17629184
43008
-1493172109
43450369
73472
-2080374852
33882110
88832
1610612911
-42729473
-70657
-1006632428
-2097153
62464
721420687
-12517377
-138241
-1744830793
-52166656
-79617
67108363
41418754
-22529
-402653276
-59703299
93184
-1761607628
7077887
-61185
67108827
62128130
-74497
1342177619
14417922
175872
352320928
-39780355
109568
-754974321
28835843
289536
419429940
25427968
30720
-1023409377
-36175871
-31745
1342178271
3932161
8960
-1073742400
19464191
110336
-1660944725
-42663938
-14337
-1694498441
-63176706
89856
1124074319
71565316
-293633
-855638052
-262143
137984
-251658993
42467328
42752
-1946157261
-47382530
-113409
2080374711
15728642
21504
134217920
-26476544
-231425
553647987
-35848194
114432
-1610612848
-62062597
238592
385877072
-4390913
-215041
-939524261
20512767
27648
452985627
-27787266
62208
721420995
-13107198
-41729
-754974532
30343168
189440
-1895825308
196610
215040
-268435372
66846721
4096
-352321337
29622270
-40961
-603979669
589822
-252673
553647820
-54198274
249600
-1392509221
-35913730
46080
-1879047736
-33751041
-190209
184549419
24117250
-165889
-1140851117
-29884419
113664
-335543484
-40894466
-397057
-1660944572
-1638398
-74497
671088263
31129602
-21249
-402653116
-75235332
122880
-822083260
-7340032
-271361
536870943
58720257
5120
-201327224
-2424831
51968
1476395524
46071809
-194561
2013265532
-38535174
9984
134217932
47382530
-32513
-469761932
-46661633
-163585
1073741668
-39518210
-56065
201325751
-17563651
-4865
-1929380469
1835008
23296
-1610612840
29425663
-47873
-201326348
19726332
348160
-2147483565
21430275
96256
-1962933885
-100073477
-91137
1224736675
-34144255
16128
486539016
1900542
39936
-50331661
8650749
-5889
-1073742256
6619135
-64257
889192108
-34275331
33536
-1358953901
12648447
-62209
1006633179
38600703
26624
1862271112
17039362
-37633
-721420729
5570558
-39937
-318768308
30670848
51968
-1677721621
7143423
-112385
-318767620
52625409
102144
335543856
851966
70656
1207959959
69206017
-3073
822083415
30408704
-54017
-1744829733
43450372
158464
1560280944
17498113
-145409
-1543503821
60555264
353024
402652708
-56360962
-124929
-1224735529
103219204
148224
-2063598760
18350077
86784
-335543893
38535170
-314113
50331816
-262145
175104
-50332184
-55312387
68352
-654312405
45088769
-457473
-285212452
64487427
-182273
-385876089
11010048
151552
1342177331
-34275332
-30721
-2013266329
23527425
83712
1275068527
-25690111
-247809
1962934160
2818048
116480
1744830440
25493503
-210945
700
49020927
-69377
1627389427
-5505027
160512
134217116
-2359296
768
-1358954188
-6750209
-112641
-1560280932
26673153
102144
754974460
8388606
32512
-1610612157
-18612229
-43777
1207959743
-13434879
-257793
-1946157021
-1900543
-41729
-469762197
1769474
-122881
889191823
458752
162816
939523843
-3735551
-197633
67108531
-27000834
42752
-1660944556
-9437186
-58113
-1660945229
7340034
134144
-1526726768
45088768
-67585
-822083549
14417921
-58113
-117440872
-69730307
52224
1946157716
196609
129792
1811939239
-15990786
-150529
469762251
13893632
54272
67108624
-19922945
8192
738197540
62652420
-111361
134218008
10289151
150272
-218103133
29556739
-187393
352321332
-5505026
56064
-67109228
15990784
-32513
-1275068893
22282242
-108289
-1124074200
-7602177
65280
1140851375
-42926082
-8193
-16776756
5701633
8192
-939524797
-70713348
-63233
1006632759
3407872
129024
1426062800
-5505024
-178945
1560280596
-44040192
-197377
2097151808
66322432
-320513
1409286139
524290
-55041
1342176868
-30932992
40960
-268434177
17367038
-123905
1660945472
-1572864
158464
-268435620
24576000
99328
-134217692
9109504
178176
-335544328
5505027
-43777
-184549700
8388608
-49153
1627389368
-24903680
-134913
1962933503
-76480514
11008
-1526726688
11468800
79872
268435676
60555268
-220929
268435684
50593792
-58369
-1744829992
61538310
-18433
-1761607641
-1048577
238336
1895824904
77791235
-152321
-1744830476
-63635459
92928
-218103552
30932991
-136193
-1543503288
-4718593
150272
2097150804
11730948
-38657
603979587
-37421060
217856
-536871000
2555905
-50177
1006633372
-63176709
-27393
1140850480
27459584
-38913
402651375
-19398656
38912
-67108485
19398656
-54273
805306740
6553601
22528
352
-27983873
-9985
469762775
-20709377
-237569
-822083473
8323072
149248
1207959343
-12320770
-176129
889192431
35454975
-57089
-1224736533
-82051078
105472
-251658776
-59179009
-243713
922748007
-15466497
32768
1811939023
-2424830
-106241
-1056965428
8454143
44032
553648043
36110337
-50945
-402653173
28573699
-91137
-318767453
-22806530
50176
-1409286968
28311552
-16129
-2013265508
-30343169
-13057
1073741544
69206020
-158465
-1258291388
15990783
72448
-939524928
786435
44800
721420632
8454142
59392
1275067832
36438014
251904
1996489011
1048577
175104
-1140851617
18808832
276480
-469762413
33882110
-99073
1879048171
-38010882
-11009
-1929380156
-13434880
38656
-285212476
1
97280
1543503452
-28508161
238592
1929380031
52953090
-1025
469762380
-22216705
-20481
1996488799
-2
109312
-1879048997
-45875203
24320
1744830799
6553597
153344
83885960
2949119
-252673
-251658404
-5242883
73728
-1660944480
31129602
89856
-1207960048
-56623108
-8193
-134218197
-35323906
84736
-251658593
-41615363
179200
-671088984
20119553
-242433
2063598411
-25690115
-166913
-1224736104
18612227
-62465
2147483500
2555904
88064
-1275069060
-78905346
175872
-2063597628
-3080193
-65281
-1224736717
4456450
100352
1157627859
40304641
36864
1493172027
-47906818
35584
1929380036
-33619967
-175873
-922747061
-41877505
-16129
1006633304
-52428800
-6913
1543503684
34865153
25344
-1694498781
-28311552
93952
-1828716308
36962304
158720
-67107881
-2293761
-28673
-1459617913
-3866627
-38657
184549428
9764863
-132097
654311863
9240575
178176
-1879047917
26148865
-163841
352320863
-5570559
16384
2030042956
-35127297
-72449
1627389492
3997694
67328
1610612403
-52887556
-48897
-1073741593
-5701634
139008
16776867
11534340
-39937
1660944419
589822
-43009
-671089344
54263809
-68609
402653519
-4128770
-99073
-1476395260
-51380228
-101377
-1157627537
48758786
42752
1694498636
55050239
89856
83885867
-47185924
14080
1325400648
-42139653
38656
67108679
30343170
-226049
1426062092
20447233
191232
-1476394540
2883584
-63489
-2080374273
-15466498
34560
1560280916
24117249
-77569
335544807
17301502
77568
-1946156440
54263809
3840
-1358954032
19726335
61184
-956300920
33816576
135168
1275068168
33226752
184320
721420871
61014018
169984
-939523116
17235969
133120
1744829827
4915200
-99329
-1006632617
11730944
66560
1140850867
27262976
-17409
1291845311
-13041665
141312
-1124073689
28114943
-131841
-520093708
-44105728
-266241
117440776
23789569
18176
-1459618652
22020095
194560
-1459618500
-58392579
-149249
-469761368
-4784128
216064
184549387
28311550
-100353
-520094160
-33030145
-38913
-1073743061
-19464191
9216
1677722188
-40304643
20480
-335544456
-19333121
-30721
603978967
-35717120
59392
2063598087
-27721732
-384001
1694498272
-33292289
90112
16777087
-43778050
-28417
1593835828
39059455
-54017
603979191
-38797310
-36609
989855796
2031616
7168
1761607303
-19660799
-120577
1426063147
36503550
74496
-1828716421
-36438017
102400
889192144
5046269
88064
1409286184
14876673
116480
2147483251
4980738
182272
1946157767
-47382533
150272
-1962934025
5046268
64256
335544587
-44236803
-95233
654312128
-4718594
27392
486538743
37158914
-40705
-1207958505
37158914
9984
872415187
-16842752
148480
520094088
-44040195
143360
-1728054088
46923776
99072
-1543502300
-27459586
-41985
-721420572
-17367039
85760
1459617851
40370177
-44801
-83886045
6029311
77824
1073742356
9437180
78592
1627389184
-11206659
168960
-1325400256
33554433
11008
-1140850640
-3080193
46080
1140850796
56033281
-59393
1627389892
-1769473
15104
1526727435
-2621442
-31489
1056964991
-17039360
-44801
-1828716229
24641534
86784
1073741943
-13631489
-12033
1476394471
20185090
-147457
1895824579
7929855
227328
335544364
-27525124
140288
-486538744
2031618
-66305
-402653556
-17301508
-127745
268435252
12779520
123648
469762139
52887554
-98049
1560280707
-14614529
-58369
1677721296
-16973825
80640
-603980156
-31653891
81920
201327060
15400960
8960
-1459618032
-9764864
5888
-184549705
-43515908
-16385
-939524173
1835006
206848
1660944915
37289983
-50177
1828715776
-10289151
105472
-1140850868
-33554436
-165889
1744829852
-1835011
-61441
1140851011
25690114
-242433
-1694498800
65011715
23296
-1140850413
-48431107
-32769
553647751
58195971
-68609
-872415564
1572865
36608
1795162416
61079554
-228097
150993552
-31522816
269312
-385876088
-14155776
148480
67108375
-3866625
-48897
603979768
46333954
-128001
1006633760
5046271
-26369
-83885808
31981569
131072
-1744831060
11862015
168960
268436239
5177344
103168
-1342177429
28311551
-93185
1744831111
10289151
87808
1879047703
19398658
-74753
1426063192
67371009
23296
805305376
-15269888
216832
-1677722372
-81264646
-17153
-1795163125
-10682370
-156417
-184550024
16973824
-9985
-50332229
-3604484
33792
-754974041
-98566150
31488
1409286156
37683204
71424
-603980525
78577665
-14337
-738197373
23592963
36864
-469761620
-29884418
94976
1593836356
-7012354
-190209
1744831048
13697023
-39681
1610612256
-71237637
-13057
1392508996
-46596103
-215041
1409285787
8388607
-76545
2097151395
9371648
-97281
889191755
29360129
-28673
-1426062664
-26738688
113408
2147483332
33554433
153600
-1761607313
-61538305
-117761
-2013265008
-23396352
768
1677721023
10289151
67328
134216883
23134207
45824
-134217908
-6815748
-198401
1476394315
-8912894
-120833
1895824996
17629182
-22529
-520094368
14417920
136960
-805306244
27787264
121856
2080374359
54722563
-164865
553648016
10485760
87040
956300872
28311552
66560
-1291845592
4915200
230144
-251659376
-13828098
251904
134217664
20643841
81664
654312183
-21954562
136192
-872414813
-11468801
-24577
2147483404
16777215
22272
-1744830524
-6553602
28672
1610613368
49545218
-210689
50332203
-720897
4864
-1677721496
10158080
91136
1459617919
7012355
-34561
-1962933680
-16515074
-44801
520093955
-30998528
311040
1610613076
-16515074
118784
-1476395084
18153471
71680
1862272195
40894467
1792
-1392509444
13828096
153344
1828715735
-36438020
-82689
-1291845408
2097155
-243713
-268435664
-22806529
-2049
-1560280856
23658495
267008
-117440816
-42008576
-235265
-1426062985
-3670016
99072
536871460
-8912895
-78593
-1677721357
-3473406
-137217
486539163
-9961473
-202753
-2063597729
-9175042
70400
-1744830104
55902207
105216
-603979565
71041028
-57345
1744830275
-39583743
-149505
402652347
27197442
-26625
-1124074192
4521983
-144385
-1224736337
13041666
-265217
-2013265581
-39059457
57344
1996489448
-3670019
102400
-738197249
-48496643
-251905
1275068647
41680896
185344
-671088748
-15728641
-64257
-1744829812
14352385
18176
620756207
-33030145
2048
201326240
-18087936
112384
1358953692
-34013186
112640
1593835879
17629182
49152
-1962933740
96141314
-60417
-1342176829
9175039
215040
2130706476
1572866
79616
-1543503213
35586049
-7169
1526726844
33292289
-114433
-486539000
-14090243
47872
285211939
33357822
-59137
-419430092
-2097153
-64257
2130707071
-22544385
-197633
-1275069017
524288
35840
352320560
-44498945
-61441
-1023409781
11534335
-58369
-1056965472
-9895937
7936
-1275067529
10420224
-32513
-1543503332
23789571
216832
1811939544
-13565953
-11009
-184549681
786432
103424
-738197116
-18022402
-120833
419430008
21757953
-212993
-1056964817
-45416448
36864
-2013266097
42205186
-225281
1811939660
14155776
6912
-50332257
27983874
-48897
-872414920
32505856
-132097
419430060
-21757953
9984
285212536
-45285377
-204801
-2063597604
16580606
-82689
1828716516
-37748738
-187137
2030043124
-71303168
304128
1828716299
-35323906
-45057
-273
-7274498
-182017
201326464
17235969
-769
201326580
-30605314
-5889
671087868
-14680067
104448
-1560280940
63111170
19456
16776703
-35586050
-68353
-117441525
-26935298
174080
1677721055
-35323906
48896
1224736263
3407870
46848
-1560280332
6029308
-78849
2097151384
11272192
87808
1325400764
14745599
-169985
2097151764
39059460
118528
-419429700
13434879
-72705
1409286783
24313857
104448
603979183
2621441
1792
1224736571
14090241
145152
721420639
4194302
207872
1006632936
-3080193
182016
-1560281029
-13107201
768
-939524285
-3670016
-193537
-318767113
-67829767
-71425
-536870380
-49807361
-202753
-2147483589
40370176
105472
1459617987
-65536
-121601
1610612555
63111170
85760
-1459617837
-3145731
-93953
-218102900
36110336
38912
-2147483333
28835845
-30721
-1593836021
-3407874
-129793
-1879048397
3080195
-67585
536870488
51838978
17152
-1610612073
13697023
248832
1996489344
4194302
80896
-1895824828
28573695
271104
-1023410056
-16842752
107520
-738196372
-89915398
-202497
2013266331
-15138817
95232
-16776500
-6225921
-109313
-1476394545
7077888
27648
402653651
-262144
-76801
-1744831476
-40370177
25600
50331999
25690114
91136
-1744830568
-8847361
-37633
117440915
-9371650
-114433
-1073742048
-33751041
229376
-536870501
13369343
-169729
-1946156908
48496642
-5889
1610612915
14417918
137984
117440567
-2359297
134912
2030043059
-55574531
106240
-939523468
-24313858
-57345
-922747324
-52166657
-2049
-822083116
46137344
11008
2080374851
-64421891
34560
268434963
-40828931
-77825
1728054216
13893634
10240
687865531
15794175
273408
-1946157252
-26214403
-138241
-1157627696
60751875
93952
822083215
-4718594
58368
-1677720588
-29294597
36608
671088539
-31522816
215040
-1962933585
-26738690
-21505
-1342177436
-42926083
21504
251658568
4653056
-140289
1409286716
21168128
16384
1124073543
-14221312
2048
-1476394945
8716287
167936
1946157703
-1572862
69632
1476394584
12255234
72448
-1342177448
-35061762
68352
-1526726804
33030144
236288
-1610611916
-19922947
56320
1224736387
-36372481
4864
318767660
-9437185
-112385
352321208
62324739
-49153
1124073691
-76480517
-197633
-201326849
-48234500
69376
1426063131
-19136513
130048
738197876
48168960
-109569
1224736604
-19398662
-68353
2097151212
-43253761
32512
67109832
39059458
-4097
-1610614729
24641539
488448
-1358954428
-96403459
-150529
-1224736368
76808196
-484353
-1543503572
43253760
-215809
335544544
2686975
-114433
-1258291393
-56557571
63488
-654311640
17563650
-321281
-1325400168
-56623108
-154625
671089476
-182976522
88064
738197108
-29818881
17152
-1124074308
34078722
-36865
-285212549
48758786
-156417
-1946156692
82837511
-143361
1224736203
36896769
-184321
201326775
31653890
-31489
-1543503960
45023234
-87041
469761767
27525122
10240
872413864
29818880
-1793
-687865413
-3932162
-219137
-201326525
-51838983
165632
-201326720
-55050242
-307201
1140852319
7405566
-316161
184549420
-17301506
128768
-419430345
-30670852
15104
-1342177052
-37748738
-329729
1795163059
-17825794
-41985
-1660944973
-11010049
64512
-1459618297
-23855105
-204545
184549496
11337727
37632
-721420456
-28573697
64512
-2097151960
-11272193
-28417
654312455
30932991
-37889
956300284
3145729
112384
620756420
5832703
-130049
-2063597585
9699331
-118785
-805306176
29097986
80640
889192119
-14483456
-31745
1996489132
13369341
90880
-687865264
-6815743
-70401
-335544524
15663104
74496
-1660944581
-55050242
177920
1677721832
25231358
-133889
-939524104
8323072
109312
1493171488
-458753
114688
1879048599
-18874368
44032
-1610612773
65011716
-132865
1140850588
-56557572
73472
-1811939712
1048572
-37633
-486539092
3473407
-180993
520093955
35586051
-162561
-2147483481
-52363266
211712
1006633464
-32178178
51200
1610612991
1572861
49920
-2080373804
10747904
-21249
1879047752
262144
7936
1946157088
21037055
-76801
184549727
14876672
87808
1275068247
34340867
7936
117440647
37486590
-47105
1409286043
-33554432
-72705
1627389499
66322435
116736
-1610612449
-43712514
188160
335545032
-28835841
203520
1409285976
-60751876
22272
1476394556
-24969216
308224
-1157627285
14090240
-21505
-452985181
20709376
169984
939524951
15728642
71424
1207959248
-1507329
-57345
1543503511
39518208
130816
419429312
34078719
-107521
-1996488928
3145723
89856
-285212521
-73859075
9216
-1291845485
-14680065
-126721
318767467
58458117
-189185
-1946156408
9437186
197376
-536870932
8126463
-31745
1728053503
-2686976
-135937
1207959000
-61079555
90880
-285211549
-25886723
101376
-1996488781
5767166
-253697
-1660944820
5308414
8960
-268434977
-2097156
96000
1073741519
-8126464
-7937
352321119
16711681
-45825
-1258291280
2031617
-171009
-1207959721
6291454
80640
-1207959557
-90701827
59392
1006633708
21954560
132864
83885176
-54591488
-51969
1879048204
-20185089
-143105
1660944440
1835007
-114433
-1073740852
-55836670
-84737
67109636
6029312
-151297
-1191182797
20119555
133120
-1996489365
11534337
-40961
-134217977
34144255
97280
1744830631
29097985
-1
-1627389320
2883584
307968
-989856020
-40894466
-67585
1744830380
11337727
171776
939523380
-42663937
316416
201326603
-1376255
148480
976
-2686973
329472
402653040
37486594
41728
-671087704
-20709378
-26369
1409286800
45088768
198656
201325303
-35651584
164864
564
104595460
-176897
1140850476
-79167491
-11265
-536870920
154402822
-27649
-822083000
34340861
254720
805306944
16777220
-216065
-469762972
-16842751
-18177
872416160
130285570
227328
251659347
-16252929
-16129
1073742987
24117248
-97025
1744831539
-8650754
-123649
-1811937725
1835007
-71681
-2080374772
-88866820
269312
1342178015
121307140
204800
-2130707436
62849026
175104
-788529536
-26279933
-18177
335545559
21495810
32512
150994375
3932161
80896
-44
-24117250
-3073
-1694498249
-13041665
-125697
335544240
15204353
-38657
1224736767
-20905986
133120
2080374344
-24444926
142336
1946158295
20250623
-106497
385876100
18350080
59392
1006632788
-23396352
69632
2097151908
-26214400
-52993
-201327076
57671682
-115457
-335545169
-55312386
-23553
-1677721984
31916033
-58369
1795162123
-7143422
-147457
201325932
-17104896
234240
-1275067989
-32768002
-153345
788529215
-14155776
-16129
-352321209
23592962
-122881
-1358954080
-41943042
282624
-1476395753
7798784
67584
-939523944
-1835011
134912
-603979045
-26279935
-20225
1627389947
3473407
141056
-922747576
46858241
-24577
-335542893
-52625410
-64257
-788529960
-23330817
-238337
1207959332
31981568
203776
-16776912
14352384
-147201
-318768181
41943042
-148225
1090518751
-3342338
95232
-1962933401
8978429
-222209
-2097151561
22216704
-37889
-2080375480
-28049410
-36609
419429731
-7667712
-90881
1275068687
-29884417
-89857
-754974389
-36372481
-61441
1879048020
20643841
368384
-939524084
54067199
-160769
-1476394097
18808832
54016
-1006632257
-60030980
138240
-402653625
99287042
-144129
-1694498149
-46858244
27648
805306775
-8978432
126976
603979568
59703297
5888
16776980
48693249
313088
469762048
4718591
-18177
-469762041
-37158914
15104
620756480
13434879
9984
-1744829093
91422726
320512
335543636
-33816578
-87041
-1526726973
23396350
96256
-1191183292
-50069508
45824
-1996488989
-56885251
-46849
-620756397
57671679
-154369
-83885820
35127299
39936
1409285063
-44564484
355072
1476395196
-36962307
126976
1342176836
-15466501
-92161
-1258291961
-70778884
-2049
1879048335
-50003973
-66305
-117441537
34078719
-415489
2030042747
11010047
-152321
-50332212
-45809666
-57345
-469761328
-15466496
-315137
-318768033
46858240
-81921
1358953316
327679
19200
-1409286317
-2359300
98304
-201326676
-3997694
27392
-1124073741
-31719426
-45057
1593835576
8978429
-84737
-671088069
1376255
101120
-1677720945
-14090241
76544
2013265684
-24576001
-112385
738197807
40959999
69376
-2147482269
-38731781
171008
1946157707
-59506690
137216
-1224736416
-78118913
-136961
-1526726764
-15794176
-58369
-117441852
87556100
12288
335544396
40173567
146432
-1660944625
-851966
-5889
268436168
-6815746
-9985
1207959020
6488066
-154625
1895824503
2818048
266240
318767311
2097151
-160513
201327935
11010047
-58369
-603980161
-70778883
-14081
1325401355
11468800
-149505
1744830723
-55836673
-67585
1728053631
-42663937
23296
-1291845169
-38469633
-209921
-1291845488
86966276
72448
-184549560
41877504
125696
-1140850629
-34144255
116736
452985511
57147392
75520
738197439
-6750210
-82689
-2080374384
56557570
38656
-67108897
15204351
110592
-1157627604
-49479683
105216
-1543503868
-22347773
191488
1140851095
-33488898
184320
-939524068
10223616
-10241
1342177640
7602178
221952
2063598175
-29294594
57088
738197159
720898
-179201
-1392509397
46333953
-82689
1879048872
59703299
149248
268434240
-41353217
363520
402653579
-66846725
-610049
-16776973
131858437
105216
872413599
-150470662
64256
-1426062812
-24379397
-450561
1006634291
145424388
-6145
536871780
15466496
-241665
-822082596
127860745
57088
-721420960
-99876871
337920
-1610612100
-71761926
-33793
-402653536
49283076
-45057
419429479
-38731777
52992
1392509707
37945344
220160
-1140850908
-2686976
80896
-1811938381
55574532
-118785
1728053923
-55771139
404224
1744830320
-4128769
71680
-687865093
64159749
-185089
-1409286389
11993090
3840
-121
11862015
-23553
1409285071
20905986
-19457
486538619
-40894467
-490497
-134217281
-46071811
87808
1929380055
-2883584
218880
1962933920
-47120386
140288
1879048020
-43778049
-153345
1677721735
-11993091
191488
-1275069144
-13697023
54016
-654311957
-62849028
207872
-67108601
10420224
37632
-1694498688
18350076
78848
-520094685
8454143
-402177
1543504064
36896768
-94977
-1929379936
27066367
123904
-352321381
-31653890
-52993
1610612092
30605313
-60417
67108571
43188226
85760
-1862271316
-26476545
-104449
754974444
-10682369
122624
-1157627544
23003139
186368
-754974468
2424830
135936
628
4653057
-49921
-1543504868
33226754
-168705
553647940
-9437185
-96257
-150994485
19202047
61440
50331968
-13631489
154368
603979655
-9961473
-116737
-721420913
-7340033
-234497
855638207
14876672
38656
-1090518853
-7012354
125952
1929381163
-50069507
-103169
-956301197
-5767168
2048
1694498715
-92536837
35840
520094571
2359293
-111361
-1459618385
92012547
95232
-16776961
51838976
276224
-1879048153
13434878
91904
-956301196
-49217542
-63233
721420691
70254594
-371713
-16776988
-18415614
19200
-536872597
-13565955
147200
251658263
-25886723
-37633
620756596
12910591
306944
1140850304
15728637
96000
738198067
-120586248
-8961
16776572
-62914562
-272129
-1946156380
-30081026
-86785
-134217432
-46137346
106240
1224736532
-3342338
-84737
-201325845
-1572864
150528
201325251
53411840
-56065
1409285352
54788100
-139009
1409285911
-62128130
64512
1560280159
1048577
-65281
-1291844908
-46661637
125696
1006632252
45678591
-99329
620755472
-11010051
-24577
-1543503380
-27197443
111616
-469761624
45088771
-122625
-218103436
67371012
-227073
-1962933881
19070976
93952
1929380508
-35651587
101376
2130707136
27983872
47104
-419429917
1572866
114688
671089499
-21168129
-49921
956300988
21233665
-19201
1593835952
-25624580
-100353
1023410044
-29360130
216832
-1879048452
-58916866
-240385
-385877105
43450371
71680
-805306580
-13369344
-15361
1140850376
-1245188
-69377
738197808
62652418
227072
671089252
-81002499
-17153
-1593835613
-21430275
39936
1006632196
-35913729
47104
-1828716264
21299197
-253697
536871036
-43450371
-26369
-1879047056
-14614529
-166657
1660944623
26738690
-247809
2013265767
-36700161
-103169
-1275068116
14680065
81664
251658603
29884420
-58369
-469762789
32440324
16384
721420292
20709375
160768
1811939908
-37748737
187392
-134218208
-58195973
-84737
872415195
-8388607
-135169
-1207959061
32243713
-134913
-738197449
29097982
221952
-1879048689
-2031618
-237569
-805306328
52887554
-39937
671088112
41418753
-96257
-872414948
28835840
2816
-150994925
-11468801
25344
-1560281060
4521983
86784
1140850003
-6553601
-82945
620756287
-18939902
198400
-1275069032
-30146563
76544
-117440937
4456446
71424
939524604
-23068673
-24577
268435819
-12124157
-25345
-1879047349
33292289
11264
-1526727261
-42926084
18432
335544900
23330816
-21249
-268435457
47710212
-43009
2030043016
56885249
156672
1006631907
15532031
108288
-1929380684
12386303
49920
-889191504
19333122
-113665
-1459617801
15990783
95232
1560280928
68091907
-31489
671088972
40108033
103424
-687865772
-4259840
65536
1677721532
-25427969
7936
218103627
-14745600
-133121
-671088768
-23592962
173824
-1660944896
-19922943
-204545
268435299
-32243711
-29441
1476394332
-49283076
43008
-1895825125
-16318463
77568
-1811938952
-44302335
175872
268434412
77856773
99328
520094668
-94896131
81664
671088875
41418754
277248
-889191825
-12386304
-47105
1056965004
35913730
63488
603979824
29884414
63488
-654312273
23592960
-26369
-1811939548
62586884
274176
117441843
-2359297
221184
671088511
61865986
-89089
134217664
112132101
-125953
1207959708
128188421
-175105
1258291559
7340034
317184
-385876196
45023233
52224
1677722500
27000831
-37633
-83885621
-7274497
-184321
-889192060
-22347775
116736
-124
-8126463
92160
1006632971
-11534338
-139009
2130706767
25690115
270336
-1342177212
106168324
-59393
805306464
19398656
27648
721420692
10747904
34560
-1409287016
-61538306
100096
536870795
8323072
-141313
295
-6750209
-113665
603979816
-34799618
-203521
536870504
-3670015
-52993
-1610612736
-41156612
102144
1694498376
-30670851
107264
1795163852
-54198277
142080
956300692
-54460419
59136
2130706439
-71565316
-406273
1962932868
22544384
-439297
-1392509297
-7536642
-167937
1879046868
-74973185
-105217
2097151747
-30212096
-370689
553647747
9175041
-100097
-2063597753
-17825793
-6145
-1056965860
-66322435
268032
-1073742117
-262141
-243713
469761924
-83558406
-35585
1610612644
-71499783
-192513
150994064
-21168130
-134913
2147482940
-6619136
-290561
939524988
-11206659
-90881
671088807
-31195139
7936
-436
56819717
-258049
1744830935
79364101
100096
-1610613156
65208320
-70401
754974496
80936960
-36865
201326979
-786432
94208
-1426062724
-40828930
56320
855638035
786432
2048
2063597752
8323072
101120
-285212072
-45416448
76800
-1207959152
-17825793
291584
-939523565
22806527
187392
754974327
-2097151
62208
-1090518300
3866625
122624
-1207959188
-262145
-150529
-486538680
27525120
246528
-1879047525
13631490
-114433
83885924
1310723
140288
1342178199
-24117251
106496
-1543503757
32964608
140288
-352321132
5242880
79872
1610613135
-16973826
-264961
1258291900
-2293761
80896
1358954404
30670850
-36609
1946157040
-11796481
155648
-956300880
-16515073
210944
654312011
-6029316
96000
1543503367
78643203
-7937
268435128
61538305
257792
1191182883
11468801
82688
134217763
5832701
165632
-486538788
16777215
47872
603981387
5046271
-204801
1946157616
-60293121
-192513
1610612032
104267780
-162561
-671089192
1245187
-16129
1224736655
49479683
146432
1476394811
-72024067
9984
620755779
-5177345
240384
1275067628
-26411009
28672
318767623
8388606
-65537
805307108
-49741827
237312
1023409880
-35389440
155648
1409286532
27066367
25600
721420467
-28508164
-239617
402652995
9699327
-39937
1090518784
42467333
134144
-1291845344
40566785
77568
-1996488784
-56885248
93952
-1811939013
-21495809
-58369
-1342177669
51314689
-45057
2080374824
49807362
138240
2147482331
-3932162
-209665
-1677720808
-17825797
-10241
-889192105
66519042
188416
402654091
55312386
54016
299
-10747908
35840
385876252
-53805056
144384
1342177575
41222143
63488
-1409285920
64225282
57088
1191182800
-5046272
206848
50331863
-77529091
208640
-1426062293
57868293
132864
218103108
17498114
7168
-872414401
18087936
-12289
-419429960
61079553
6912
-1224735548
54263810
-109569
1358954164
-22020098
-215809
-671087956
81199110
-170753
2147482791
-120586246
-40705
872415367
45285377
-379905
939523551
32309247
238592
67110156
-90898438
118784
-1593836228
-58720258
137216
-939524092
-42205187
112640
-1811939361
63635460
-129025
-67107968
66322434
50176
1828716455
15400961
67584
452985892
31195134
0
1962933199
-11468801
-97025
-1342177789
30605314
-8961
-1660944572
-60293125
313088
2013265300
-3342338
-9217
469763347
-15204358
-86785
587
17563653
98048
1325400460
-20447234
143104
-671087785
-29556739
-186113
1476395396
39124991
24320
-872415633
10747903
-182017
1342177432
1310718
-28673
855638228
3342338
19456
1962933408
5570559
51968
1761607423
-87293955
381696
-872415644
40108031
-49921
1593836187
-34668544
81664
738197456
36110338
-192513
1006633920
-13041665
82688
184549684
75235330
-240641
-402652468
16777217
-214017
1224736104
21299198
226304
-1325400417
29360129
2048
805306556
7602177
-40961
-218103124
38993921
364544
1056964884
-1507331
286464
1694498392
70451201
58112
-603980088
14155773
65536
1862271424
48431107
-138241
-1157626608
82771971
-26369
1543500444
-81526787
-68609
-754974064
17760258
-173825
1358953111
-35454975
82688
1996489231
-18087937
124672
-134217985
91422722
-194305
1660944684
-56819713
128000
-1090518501
-49479683
50176
-1006633176
16711682
-364545
1811939971
-63963142
37888
-1946156148
-93323268
85760
-268437489
-36241408
336640
1006631571
-12845056
-33793
587202672
43450370
94208
1275069243
-52953092
-72705
-486539201
70713351
-136193
1543503299
16777213
67328
1946157120
26148864
67584
184550228
5701632
-183041
-788529257
59703299
-143361
788529288
-55771138
-330753
721420508
-36634625
-204801
989856283
-8126466
-52225
-486537733
7143421
-212993
-1962933533
24903680
-131841
-1493171233
-7798786
-1025
872414939
-1310720
-105217
805305611
-25165825
-350209
-318767909
1048574
-152321
1593835792
-851967
-92161
-1493171240
12386303
125952
889191447
60751876
-206849
-335544737
-7340032
77568
335544716
102760450
48896
-603980036
54984707
169728
-1946157240
15532029
56320
-134217576
-12255233
118528
-1224736560
66060291
150528
-1409286557
31981568
179200
-1895824920
-13303811
-298753
1761607435
21692417
112640
1929380455
4653056
85760
335543872
20185090
-147201
1728053516
5832701
-335617
50332435
-77856774
-62209
1677721396
24051712
76800
-1694498240
47972354
185344
150994576
-9175042
-283649
-184549964
24838146
283648
1426063327
15138818
-50177
-1879047341
56819716
72704
-1996489064
8585216
221184
1073742175
49086463
145408
-1073742205
-9109505
-368385
-486538440
-42139653
-372737
-721420513
-26673153
-182017
134218179
13565953
-109313
1677721008
-52887555
411392
2080375456
-48234496
113408
2080374267
9371648
66304
-335544685
-29884419
-134913
872415284
46923778
111616
-486539012
58654723
62464
285212167
-27262978
118784
-2080374653
42795006
-34817
1962933915
27000834
54016
-536871157
18284546
-263937
469762704
-40828931
-91905
452984832
19464190
128000
2080373832
15138818
104448
-285212508
-16187393
54272
-671089025
36634624
-47105
-117440781
-17629184
74752
1895825156
-29360127
240384
1459617804
-21954561
-72449
-1426063184
-42926083
-61185
-738197125
7340034
139008
-855638800
-89063428
-7169
-1409286017
-43515905
-94209
1342176964
14155777
-190209
1006633460
-35127300
245760
-889192292
43515902
-201473
1811939420
42663938
-126721
-1392509012
-28246019
2816
-939523516
6488064
-3073
-1207959829
-29360128
218880
536870919
51052545
40960
268434184
-28835841
-67329
1828716456
-23068675
-136961
1409284620
17891326
-73729
2080374292
-1900544
-121857
-1157627761
-3145728
32512
-1342178304
-51314691
146176
855638219
-35127298
-149505
285212183
26148865
-139265
1627389035
-38993922
-149249
-1392509081
-91160581
264960
805306459
51576835
17152
67109111
-12058626
-133889
2130707143
-11796482
-363521
-738196928
81264642
-138241
620756292
-46333953
145152
-67109144
-89915394
18432
-1342177849
20905987
-287489
-922746948
32309247
94976
671087864
56360959
63232
-738197353
7405567
-110337
-335544181
17039358
-218113
587206284
69140482
-269313
889192227
-107413510
150528
-2013266661
-78643206
272384
-1996489332
-39321605
14080
1224735383
-3407878
49920
419430268
-41091078
-92929
1426062968
-15466500
-222209
-1124073764
27197441
-162561
-67109248
-36896770
416512
1526727319
70713345
-206593
402652264
33292290
10240
-1156
9633792
4096
-457
54722561
71680
671089536
47382528
-233473
872414827
34013187
136960
385876647
25362434
-140289
-1207958573
-78315525
249600
-822082537
-58392577
-151553
687865480
15269884
15360
-1627389152
-47710210
61440
335544684
-72548358
-125697
1006632756
-59441155
-100353
-872415340
-53411844
-258817
50331915
12386302
-160769
-738198120
25362432
123904
1325401095
42401793
-86017
-16777209
139460610
259840
-1275068409
-14942209
165632
402652900
11010051
193280
-1224736525
-70778886
183296
-1744829981
-13434880
209920
318768147
15532031
-204801
-721420960
-524290
334592
-1224736588
7536640
-195329
-201325936
-61800452
10240
1191182556
-67633157
-86017
855638660
-16580608
39680
-1191183229
-12845055
175104
-939524588
-5242881
-116737
1476395188
-57409538
-75521
-1543504189
-62914561
226304
939523911
-6619136
-14081
872415623
104267780
-7937
-788529901
-6553600
91904
-721421016
-27197441
157440
-1342177137
-15990787
-123649
2097151947
-40632319
-218881
-1073742681
20709377
-89857
-1828716060
34078720
-62465
1291845460
-83623941
-28417
1795162680
-50790401
-150529
536871384
-16973826
1792
536871431
20185089
-156673
67108760
-57081860
7168
738198379
-59441156
81920
1258291420
6029310
-94977
452985848
72286212
-144385
268435107
-5242880
175872
-1677722285
-2162687
-65537
603980300
-3407872
6144
-1207959432
2555905
-45057
603979303
-24838146
218880
-536871552
-30867457
274432
312
64225284
-8193
-805305137
39059459
120832
-268434984
11796480
-101121
-285212653
98304001
66304
67109063
56360961
7936
251658315
36438016
38656
620756816
-11534336
49920
2097151927
21233665
-164865
687865728
30932992
109568
-553647416
17301504
-27393
-1073741116
3211263
-156673
-922748305
-38535170
-292865
-134218437
-32505858
-12289
-1157627705
-46333957
6912
469761356
-42401793
-123905
-721421193
-18612225
-257025
1862271284
-3080195
-104449
1409285763
262144
-96001
1409285880
2097151
-98305
603979139
3145725
187136
520093775
-12255236
130816
-587203829
-25427968
34560
-1610612977
23592959
-98049
402653908
-89391110
-87041
-335544641
10420225
-203777
1207959432
-9437184
208896
1677720915
-12124160
-125953
-201325825
-39649280
15360
-67108933
25624579
53248
268436515
86179841
-128769
-385876052
-4980736
-45057
-1124073845
15466496
-47873
671089344
58458114
-88065
-620756748
4390913
-57345
1124073943
-58654722
17152
-318767389
3932159
-108289
687865780
-10420228
-212993
956301079
-3080194
31488
-1409286529
-29884418
-43777
1593836079
-35192832
-13313
1728053435
2359293
-173825
1342176823
-2949120
52224
1291845560
-28049407
-47105
-2063598197
-18284546
-91905
-268435340
-39583743
87808
-1006634000
-19660801
-98049
603979292
5242880
-86017
-251658825
27262973
104192
-2030042676
-29360131
14336
318767387
-7864323
26624
1946157075
-18612225
-50945
-1476394712
983040
89088
-1543504177
-16449537
17408
-520094277
-45023234
158464
-1610612889
-36700161
-108289
1795162928
40304641
131840
268435851
27197441
24576
-1526726781
26148865
96000
-620756832
-29884418
122624
-1811938617
11206656
157440
1828716399
46333953
94208
-117440864
30081026
110592
-1191182840
11534336
30464
1342177436
35127295
135168
738197619
-56033283
-200705
-402652449
46333952
-31745
1476395215
-2883586
1024
1879048927
50593794
114688
-469761085
-46858243
137216
536870644
114294791
19456
1476394828
11337726
-105217
-1744830213
42467330
144128
738197868
-25952255
68352
-2013265188
43778051
-210689
1023410052
-24313858
74752
1744830583
49283072
149248
-1258291753
-18415616
148224
201327199
-12320770
15104
-419430032
-31391746
-31489
-620756289
-13959167
10240
-1275068660
4980735
86016
-1342177533
26279935
97024
-335543981
-4390914
-1793
-754974345
19202047
110336
-805306857
9240575
-76801
-805306572
-10289152
-106241
-184550352
84082691
-192513
1207958908
-6225923
-83969
-1593836721
-24379391
-39937
67108635
10813439
-270081
-922746952
-45350914
49920
134217908
29556737
-117761
-1543504993
-24444928
62464
1493172160
1310720
-27649
671088828
-7077890
32512
-1543503681
-23068674
34816
1862271736
51314689
21504
-184549688
-21168130
82944
1895825407
5767168
-85761
1677721515
262142
3840
956300959
-43778049
-24321
1895824956
-24051714
-30721
687865711
-9699329
57344
1207959820
-24838145
-69377
-1879048456
-28835842
-7169
-1358953692
32964610
265216
-1543504221
-74711043
-165889
-2080373865
6225923
-77825
-2097151221
33816578
75776
-754974664
-11206657
-117761
1677719883
147521544
606208
469762099
-39780353
175872
1610614015
178257929
-264193
-536872961
26804222
357376
671088691
142540809
-33537
-1610613676
18415615
-206593
-1140849932
-156434440
664320
-1023407024
121569285
-258049
1543503511
117637125
391168
1811940036
-131530761
-259073
520094819
21495808
521984
486538340
-9175042
0
1459618611
-7077887
-52993
-352321413
34144255
505600
1493170551
-92274696
215040
-872414981
102957061
-609281
-134218109
56033280
373760
1258291303
3735548
534528
1342177156
142016523
-653313
50331915
161153034
-26369
1258291263
-64946182
-75521
352319060
36896769
-406529
486539135
-9502720
-150529
2130707056
50790402
-353281
-1090518612
-21168129
231424
-1879048896
-32243713
-11009
67109103
48496637
-148481
-1946157488
-67633156
152320
805306416
62390274
-104193
2013267120
-24313857
521216
-452986596
63438851
-48897
1207959344
-37748738
9216
2013264568
-9437185
-279553
1275068583
-22544387
-700417
218101076
140181511
277504
-2030042332
53936131
128768
-1476395936
-110297098
-668673
-67108668
201850892
171776
-1543501612
-128909318
-131073
-654312188
-122355719
-591617
1744830539
207814664
-823041
218103023
-127401994
-509697
-1476396029
-180289547
-212737
1946157508
115277827
491520
1543500512
-131596294
177152
-1358953429
10158084
-578561
-1879048324
17760256
197376
-184550945
36700161
-401153
-1677722720
142606343
-248833
335544071
81264643
83712
-335544229
-851968
-82689
989855787
-9240576
-112385
822083195
-54722561
-280321
469762991
5177344
-620289
-754972409
-131792902
51968
-1073740968
84672517
-94209
-67109837
-42467328
404224
469762536
-48955396
-229377
-83886029
-51118085
148224
-1207961005
49741827
-123649
-1895825356
41353218
79872
-285212224
40370178
118784
-50331896
-82575363
142336
184549852
-6488066
-38913
-67109996
-13041668
300032
184549456
-27787265
-291841
572
27000832
188160
-872414977
5505025
-195329
872414895
47710206
201472
-117440793
-29097985
36608
-469761768
-786432
76544
-1476395521
-24576002
-33537
-1694498788
-20512767
33536
-2130706516
-13893634
64512
-1157627544
32964608
-96001
150994607
38207490
64512
268434968
-47448069
-65281
1291845568
-106168324
-257793
1006633256
35323905
30464
-1358954384
21757950
14080
1560280684
-30343170
-125953
1526727423
54722560
-179201
1493172007
-196609
-23297
1342177532
7602179
-48897
-83885681
-10682372
-216833
1761607255
24838147
126720
-1610612744
38469634
56064
-1409286737
-27262977
173056
-201326440
56557570
146432
-134217696
29818882
173824
-671089768
3866624
81664
-268435852
-13565955
172032
1761607587
58195971
25344
-520093828
6881278
83712
150994387
1835009
-70657
134218331
24313858
90112
134217475
39845892
136960
-1023409700
-1048574
-121601
-268434508
-57868292
-198657
-134218296
-73859079
-103425
-486538164
-47120387
40960
1023409939
92012548
-439297
50331919
-42401795
260864
-1275068317
-72089606
157440
1660944451
2359293
-18177
1962934044
54788099
317440
553647672
161677318
134912
-922747049
46923776
362496
-1895824777
-35061761
169728
-1073741800
63897603
72448
-1795162684
35913727
124672
-318767289
50855939
-146433
1723
-58654725
36864
-1728053373
-21299197
-175873
-469762752
-13369345
75520
-1610614040
35389443
127744
1811939719
12779522
-301825
83885707
23265280
-75521
-1828716381
-25231360
48128
-150994917
-37945348
-96001
268434780
26673152
9216
1761607660
35913730
-162817
1610613164
18874368
141312
218102843
30474239
2816
788529659
-30408707
-93185
134217232
-62586884
294912
-1946157509
41091074
52992
-352321497
-13369344
76544
-1476395029
5832701
-111361
805307047
1572864
382976
-1459618081
3670018
10240
1006631896
-18022401
48128
738198515
18874369
21248
-754974184
51380224
72448
-822083289
22609919
19200
587202615
-49545216
97280
1610611115
-66519043
-93185
671089231
851967
236544
-2130706705
60555267
-193281
-1862271157
-9175037
-154625
-452985516
-46137345
165888
-150994817
-83886085
108544
-1761607360
-20709379
179968
-318767357
524286
145408
1543503400
46923778
138240
218103176
-27262974
-268289
1879048519
19922946
-108545
-1140850769
-10747906
-208897
822083471
-23789571
-67585
-1795162957
-19136515
27392
-1392509488
-9764864
-224257
-889192341
-15138817
-145153
1946156607
-26542080
-63489
-1006632733
-41091074
59392
469762940
12517376
-314113
-1677721633
-20774912
-114689
150994900
32243714
-118785
318767404
-46137347
3840
-1660944729
-36634627
71680
1694498612
69730304
-141313
-2063598021
36438017
177152
-520094528
-19136511
127744
788529375
-38797311
28416
-469761817
262143
-76801
352321256
11468800
24320
486538179
-31195137
-143361
1610613035
11534335
137216
1879047591
22282240
-43009
-536871500
-54460418
-157697
117440648
-10289152
65536
402653228
64159747
174848
-1207959908
-23920639
-65537
-50332213
69402628
222976
1962934200
19660796
90880
-754974244
83886081
-80897
1543503231
-7340036
206592
1409287003
-9437186
-15361
402653260
-22282241
-224001
1224736719
-6029312
220928
1392509036
5308413
-65537
1291844023
-17301502
31488
-335545336
-13959168
-92161
1996489003
-65208321
-112641
1291844711
-29032449
55296
285212492
25952255
-62209
1073741576
23855106
193280
1342177428
-44040194
52992
-1828716077
12058626
211712
1291844988
7077885
64256
117440600
-4718594
13312
-2080374196
-11206658
-71681
2063597655
-22020097
-38913
-1828715673
98500611
-209665
-1862271205
14614530
24320
-486539261
-28049409
-64513
1811939648
-14155776
149248
1610613359
24117248
-93185
-671088265
67633155
-88065
1744829855
-7536643
56320
-989856405
67895298
120832
-1056964805
-12582913
53248
150994928
-28835843
4096
1275068227
8388610
-162817
-1962934157
48693251
60160
-620756597
-1245185
171008
-83885937
-34078719
-33793
-1627389677
10223617
110336
738197532
12386301
158464
-1610612980
-70516740
-20225
184550563
6356991
92928
-1811938964
-8912897
-40705
671088196
-8585217
74496
1476394823
23068673
8192
1677722632
-49217538
43776
-1610613197
-56885248
170752
603979067
51314691
21248
1660944823
589823
148224
-536870164
-12058624
-43009
-654311452
40894464
191232
2080374084
-56819713
-11265
117441091
63963138
-175873
1476394995
28311550
-22529
67108795
40697854
-6913
-1207958941
-13303809
