-318024938
60253125
-123970307
108070459
204437139
-37822565
-82696085
54269218
-59963607
-1655377
-21251768
10359984
166624569
-23158560
-103604592
26435970
-83264744
-41217236
54988321
-20736198
15616751
103837529
92514051
3041792
-59086792
-113822963
99544354
51599489
-25967903
-6635048
-58495327
-27998862
-769590
76548097
77979433
36075974
-135545376
-92971206
11328510
30546293
-20847821
-8863123
88839620
27551192
26205228
-10181266
8622090
6241898
74503257
28033029
-129275712
26787459
86614273
-7168803
76895018
44440633
-36242346
-54365368
102991432
-9564724
-40994598
203791664
103763969
-47306288
-23746194
19949781
33464127
104815328
67795696
-52773425
-7372545
2899879
-40104437
1011846
72379718
-70974941
-1471852
13495568
-52164952
-4621303
40754207
30308171
-75430895
-4667667
52101391
2161097
61837442
-26276064
-16449493
-25318824
-46170061
-60111395
-25097030
-50473010
-58223912
54698177
-19665191
26408888
1811594
70345594
151915217
-41911671
-89533544
46628404
-25397721
-123214816
-71553040
127143906
-28890739
61031477
13288481
-126271316
-123533061
-18122050
-36161122
-6419095
156055454
56123011
-92061321
-80571393
-24646648
-34672415
7866151
-15384541
83814013
-41046435
-71031032
89838422
-65027514
-62580259
129230496
-41105115
-45184222
-26341769
-52743053
30188768
-4007578
-82720911
43139920
117710827
117834144
42149001
-53245322
-45781660
9134896
-53001009
-22055420
-14994824
35684412
-34325128
13961245
103397368
-88055874
-1976833
59017936
-9765638
104177567
75782922
-126884336
58755473
25180488
20764957
28608520
70362153
-12211777
30590804
23219922
-37581160
-21802966
-99168467
-48369605
48641683
76251143
-100305415
12766686
138930707
-57080907
-27319905
-19612318
97927352
69078682
-66196870
35082497
21195566
81020498
-34728265
-28146986
-48652031
-77930496
-80064491
-123854507
-78700310
15684354
-170767667
-109201631
17501193
28611951
45558495
104106903
61116032
9428938
7311179
21985337
-46318445
-29942911
5284410
-96454722
-62112206
111424266
201143978
2227378
-54238689
-84695765
-41169677
68983101
31115643
27419517
60406041
155910485
-78257802
-38744894
-18971108
-97396271
-47204913
-144698266
-98417660
-8237299
97744534
-46414571
-30156609
148421952
142070910
-61338780
-74416039
-26424176
36091093
127598099
-87287
17739586
-16933657
-28240846
-55325831
33247821
166335765
-24009184
-52514380
21138022
-104310125
-99907123
-23874023
-92959586
-177068852
39645650
74365967
-52287245
39527799
-79467772
112298117
99598650
-84575180
-49366924
38442320
-103950977
21831407
142723675
-30642381
16749679
-19426417
142909987
32034840
38824737
96553155
-109169347
-28801943
57958088
-122182346
-104013601
46694653
105725322
-52188303
-107790599
97472073
126666624
70827190
122893984
-148898996
-216521387
71645847
-113573796
39055573
280763925
79075429
489861
-13124402
57019366
149248863
16706016
-3169617
44870568
97224126
-80367879
-75392125
80523768
-33774897
-17397224
-67888491
-77933987
100278761
-10260906
11508888
522523
118006926
47549414
-19851567
-69455448
10957822
23387372
-126118632
-7699605
-53434064
18450695
170958757
96891480
75453460
-38629940
-153719127
61463741
31097552
-189406276
-6739112
-59969988
-152859251
-92266405
173448412
123474116
2993861
-124592271
-101305618
26547845
1182166
9134329
103775957
-118014154
-218134744
92803092
14771223
-128138352
-96040626
28835186
27854445
-134001690
-168950171
-183885594
60194709
155523021
-51377380
-192393223
-192067002
-10410680
91805158
83884007
-30054117
97034488
104964481
30247558
171206372
34049347
633205
69318872
-108215349
-11984488
-19186519
107602746
56475109
-2264972
-15204663
172184208
148857994
32806542
-62114540
-84187431
69864547
55704249
-81330104
-62229138
-156208941
-33784668
-9324978
-121386484
-21740212
53791904
127815038
-38906585
-69421976
36228730
-119787455
-111438467
13826716
-45967258
34872706
-76876233
134022870
79063288
-130235952
-33576468
-1350842
88627159
42004039
37181072
52649680
-87291771
-25575800
-40842017
84537181
23992531
109451725
-53402202
-44038761
152155053
-24630683
-98395306
-33461583
34039116
-20493284
21588498
28835135
-58411178
-125942126
-55888997
-34027832
82338993
-78800746
100046458
60834623
-140816612
68139002
127045753
3097966
-7099325
24615107
-66261228
94727431
72384623
-66938410
153172793
125178600
-155704175
91281838
12823752
-21249740
10291717
-52970988
104138718
747553
-20097969
-14072355
-126090212
-49242248
188589136
43809136
111517628
5305407
176307367
-175493874
-212245047
113821090
-146641655
104941928
54907225
61208937
1273311
44510681
-93080037
210970073
183049796
-139089399
-50750440
63384139
-72997318
40222821
59800894
-144057152
38458679
-78344384
-109290676
73851983
73955829
-38949010
202424955
9453893
38541952
177961357
38002851
165940580
84500227
24061547
-40488717
-54901994
72528454
-110698573
-146011377
-180278032
-14897352
88349638
65508546
3581249
-86644366
-20204715
-43315132
68545531
162054258
60255302
25019331
84624064
-60140295
-59692775
-37491782
2838484
-86952728
118783858
27123193
65563279
-29681545
-21146748
107687608
-124731958
-19103046
101106264
116063600
40605345
-65492248
-40478633
-110426965
-89790783
149667137
1861144
-165855862
-86570551
15803410
-46360090
-77441364
4227624
-66435928
-28739455
-58606809
-13833247
142908239
169425479
67081668
-4787284
60883759
83735108
-67664631
138707705
66528806
-85079555
160443102
-96346297
-140710072
64359836
-142804727
-90088810
893277
-105388783
46859011
122395981
118037505
143236014
91544982
-58157703
62974716
18518319
-48057675
116529928
118509917
-6896395
-113761881
-157112598
47410517
-142515364
-135543809
-91490088
14420135
-75052759
-145875649
127544449
23306657
-71109881
9414681
-28436635
71786134
-83608888
-166609183
62646747
58742168
-17790902
-41308103
115839604
94423917
-147236115
9271480
14355450
30186531
216109396
174476412
5293578
-28380645
-216380717
-53670303
157435631
-35462351
65162180
-34238337
-50895269
-99380703
-71819040
-26298641
-26372736
-153818102
-60536605
131547840
-53836876
-181564480
-124189270
34244110
14417036
-44725130
-98398718
90672565
13927453
47058743
-37784874
-188442036
1167040
43331180
-99348761
-73877089
18389033
-63881664
1143609
79317580
-139572754
-39085529
-20877874
-13906240
113166504
-8002517
84229618
95155552
-10164288
-108608848
-41255087
25465520
191238475
-28732829
-16672397
66078427
-5149060
-72009146
-81516472
125794993
2079891
-149459883
522270
-16926136
-57458384
81176672
118078410
153444174
64515831
30173287
51770661
-157533195
-211260193
-1988727
-90493894
-154473531
47675877
19267644
81410784
116764254
26533850
17588994
-110914659
26688059
62626910
37376714
-11130461
-23245649
-178109719
-138435045
-93404298
-126590814
37249461
126262699
-13809492
27985420
16025569
17482682
121755132
120950005
79685829
55564552
107239565
17664832
118671227
111003994
-90915438
-73881185
-93927864
-70589147
-99605749
13182455
-41905281
-10764273
-1110871
-166379461
-79043650
-192692579
-126176005
-10746866
-133644548
-2885444
-35936692
20693956
40801070
178831899
29310854
-57450629
7429807
-27205593
-99171014
-6725008
-48936833
-121763663
-112010251
-33902645
178627168
-57320233
42162640
31871590
-38185850
237136983
72371655
-185097257
-82912880
25951505
-146911520
-33308372
19963156
-61834961
26986547
92197758
5359871
50378324
-182377620
-168699524
162430099
-6289824
-77688705
-62535399
66316557
-141565629
-164475340
83741241
-2300225
-43340675
-54577631
-10081027
-72991073
-50382767
30865338
-25917382
-33962105
-102736394
-29688555
-99483620
44730541
-16781328
-4148187
132194
15694863
-71560688
22266744
-28700786
36934417
44591659
-78288088
-187543072
-14878009
-71762302
-34170231
-33103503
-154743340
-75564613
42820405
97118540
-68019714
-35974668
16115276
112913070
3016068
139216729
141940839
-67273490
-11027215
-90059665
-121317731
-137030648
-13779038
-41121180
36265683
91757864
-98430785
199968912
-8653719
127518125
196995109
-128955770
-131985864
-204098907
-16291919
65495599
-149363903
-165380021
-13640379
20613809
-121140147
112179456
-8092364
157654467
-169790756
-160827128
134108334
66739234
139532296
118756375
-44965210
58343252
156173764
14146937
33461111
-66598963
72893952
65085516
-22269889
11682379
71796341
-4395673
-57648365
-8347977
-1049557
140545139
-43096470
24092954
-29780574
116433917
122685790
107466363
118277283
-8313172
969614
-120509158
50587126
156799424
47578015
-100631684
-66279230
-195435637
-58740804
177428605
48510649
-57908266
-42120450
29794473
59445338
-33895256
-45553722
-161308488
-44144675
228145788
-57139264
-186089200
97770271
-164256176
-96447192
-43067383
-41511601
43572179
41145930
28786157
14623958
-13240826
-75017467
14609169
39810186
-11312684
-22713502
-40072329
-104491338
-114661875
-87617395
-29855760
-108936425
14704555
-68859796
1450924
36383488
-109390436
-59900268
109940018
11290743
17383996
-2475654
48500789
158173793
-9043000
50721158
-10592025
-18039398
-2215109
3970508
-124802333
6235952
179708405
-90482443
-22250307
63397429
-49435811
183113350
-73938322
-160504370
12475662
110862525
1742711
14422998
46182266
-26728716
97151448
106210918
4669623
34579325
53512528
-140833677
-130212061
96642818
-2491402
13887174
64141119
-18456294
109060381
68861129
-45235696
115243853
-59192822
-21239983
92033569
31914404
121366786
-31072193
-90079083
-235333902
-192958697
111379821
-15045967
39711323
73173944
50029786
-2447324
183655847
192875633
-7986078
-4489986
51293038
29954191
90587770
97615055
24171704
40701716
-12753071
54932638
-1279588
19724638
-128724040
-318926446
-307655556
-224710115
-256939718
-220366004
124293412
94929593
37039726
13948319
-217009471
-202812473
-127128335
-180927958
-47202932
29735754
-83842554
-295363790
-190675396
-1916901
-28610881
-240784701
-187342872
-116099872
52873477
95245746
-86776017
-162786994
-198128028
35387059
-204365749
18209905
-71245710
43035397
52801786
-65434837
209695721
-15687129
118177140
241465772
-134529116
77460252
92517194
110450837
118433096
-955930
128235341
-139149181
3352879
-2892640
-93292070
41986951
-7957010
1330482
188421251
38698096
-43812398
60559082
-38826183
7651702
54382673
105818840
57388512
55566758
90019655
-52153531
-35187931
8463910
-62422261
-33061697
-17802229
59945791
65149857
-25072064
131329534
52153288
-36968519
-35510774
3682189
28236483
-71039136
82511268
7915881
-10171856
30845302
159510352
117583528
60286313
187363515
43990986
-51843145
-32390311
-68746295
40539236
144607300
45494714
-365477043
-117321257
54571552
65687387
105697889
-175048846
4379868
105956523
-50180162
-166381034
-144225080
-219520681
-139096516
-163685217
-146777211
-92857595
-141109406
36279099
65329258
-213949435
-1983605
95657905
-18251629
-125094479
-48444204
-31143920
19261456
40470149
30621069
-71123561
-127278582
-96187180
-59426468
-25906324
-34225403
105637377
-20559646
-140086927
-58711435
-17231394
-9958047
-55781088
-87148905
-58883819
-79215632
5544949
-97167911
-24236475
73342577
73854131
-38627072
77740987
158994091
-183725785
-198287225
51367340
-64770457
-45125041
46744442
14187611
-170040865
40253722
-54138949
-136742605
-175282789
10779426
75683350
-72337260
130418685
-41505439
-70008805
-3189006
-103875885
41079826
-177648985
-48851727
32395216
3173444
-16051601
-43313977
18552212
67995332
-49228817
-146826651
-27289896
-95591804
71686404
108555291
150780055
-14959465
-15124111
58063290
63904045
121493010
81929311
100652815
99522361
96020243
-21929058
151596442
24630060
47460629
12506891
-15370402
159899689
93786863
115255005
168759110
51557670
-145412011
-139761579
8907766
-128575794
-92462438
146217497
-53193675
-5182336
18657947
-120435445
158780427
44900214
-202534713
227058683
50361854
17405950
118247356
15023045
31925287
-56435237
35684623
-110459454
25965993
4605036
-130812548
65788956
-260843442
-217941872
92876738
-114779934
-30040064
132104680
157969808
61962304
-122223335
28526504
-61381659
39065465
-12410896
98126428
-7047998
69907845
11365023
-90755501
118741414
611935
-129505936
136790110
77522516
-73899627
-40345314
-49901828
66903215
-27237990
-82430494
-33535345
19867975
9517895
48355860
72355610
53615538
17041422
-121101812
-55597613
-12526887
-129619637
-87626294
58292873
-128828976
-70422486
-202105271
16801191
-55940399
-65082839
132055776
-23562055
11555545
126834073
136619166
-6028916
15676460
-54343631
-32175789
-22133068
-38486561
-105274541
-117368226
-27284722
29491661
-162991472
153305946
260172090
-218024155
-117149982
116086238
8903586
29746629
4454367
14685035
64759887
-16764528
13346440
85724914
199555891
52062868
-64674755
29115004
25950685
-104838233
-42832320
-77155297
25873339
69971972
18744847
5172038
-97577957
28852224
-57436155
25937516
38759308
31904150
-30389519
-12899866
-17986812
23957912
-164249104
-155871321
30078039
-21537663
89772705
-93777318
-33596258
59687004
-15860185
-9296115
-14049637
81956639
103523903
-121381787
18255231
18246463
-42538277
144704390
94025350
-46966315
-4572976
-53670674
-37667026
-4580696
-12471172
-19002767
-118550551
-5749339
-112370273
-4077676
110873581
29983444
72248036
-92044480
-91022655
-143355510
-189616146
-77985344
219466980
51000215
15838380
9632231
28186814
220182176
-104137682
-72867747
15857163
72349714
124271140
-116092313
-46636759
-86593941
2093883
-106883854
-46479116
-235055716
-79715305
95168459
-23254239
86844834
-72250199
-42766992
-38743676
-98379420
-38945872
39481943
113068056
-137796129
-212581184
120608721
14821198
-59160345
168244226
-85489983
-5303799
178087237
-68539820
-99392886
-58137758
115851366
-79485361
-48736434
168059615
33190854
-120562128
-102458983
-15882384
43251019
6643469
-8285265
57461330
195813124
161488919
-254400
33676209
25566568
-117377460
-105444959
89365754
-92114984
48495320
21696019
-54142949
-79956586
-109564192
-32241808
19127480
-49052137
40860682
102088086
-57797133
113217566
74829542
31810782
47516032
-4102629
46341109
65659401
-62234501
-138424723
-4406369
-93854859
-148364159
24926102
125440509
33265937
17128798
-43988189
-160472182
79283170
-67204858
-112162376
160341147
-67962728
-17031923
-58985475
-167648164
-9517474
-16400666
-158374891
-32561415
-32741993
23231237
-29064240
-149640652
-68851164
50312244
-119709757
20032538
5285723
143730242
243012495
42968499
19390776
92226955
-81588139
18667763
-94337974
-119307563
104752295
95160980
38882643
-22551285
10844876
43195391
95907495
-56349503
-49916436
10509741
1795701
-22454658
86820035
-140261225
-174699617
-117956553
-54947068
-22467201
-78051169
-25505464
-89600617
-5050491
-150673722
-241278552
105546371
-44670639
-39633690
75935269
-48553517
57931951
-81879697
-148692678
-30809213
-131414441
87793457
4799631
-240690810
143927610
88173744
-328749350
5535596
190315916
38665693
34244078
40598954
125906381
-60084937
-138734893
-38535578
-58174622
-235827564
-43664547
26808722
-66538612
-61678435
110915475
162554881
30955743
-7592643
-24079340
-32391116
-13472272
137509037
69103745
-125505026
-84865596
86613931
-18574642
-89640293
236185356
-53549870
-118694628
54429855
-197770596
-54763156
19121264
-18251841
87481539
2025778
-8589524
89371761
47522918
-48008197
90721012
69267126
-49460701
-173220673
8699037
-94306534
-92226185
129098858
-75423592
24282006
-85911633
-68444598
42848291
84517933
-15355826
-133422027
-105437300
-3429356
-57804014
-22085044
-10292000
-107140644
-11774735
19746532
44413987
130911743
140676077
-22837433
9982737
78633380
-82477824
-47316672
30810681
444475
-12423702
-78405046
128682504
38813177
-151713373
-37128465
47213446
210704500
105017892
39404966
15109329
-92387072
16422064
50149601
78712569
88034554
33561135
87375840
-69600484
-95583201
-36411217
40553818
-772724
-27817377
-21969239
-12436935
104222691
86799762
-69101203
-83226702
202744927
-12140476
-139813969
-16051825
-38621349
177827890
54375319
-114992382
49749760
-19573955
-283560022
-49362395
209401299
140875295
206179881
10614876
-141802550
-75942945
-28501476
-142502726
-118321447
298575352
-75435265
-187934968
-24028881
-2182780
32261436
-80210547
-68899316
-66135894
-220979809
-57625229
39717142
-206035432
-169864249
1994178
-184873997
131456178
194252657
-259754747
85221057
131718188
18241262
88869510
-10085165
-27701119
-39754217
-115051964
113277538
8591455
-117127197
64610563
-20137688
-191060480
-17200266
-64813033
-72256949
30340898
-90760177
74514055
-177867847
-33376962
69449024
-101966372
-31514588
53150628
-103542529
-155479589
81286529
-23033608
-39245531
-4923646
46673692
-60664464
-13654881
-27415932
-88335236
-28997346
115969987
-103593218
-170460927
-37700713
60984813
-56389737
66612419
-31767244
-47778777
65873566
-114804208
-37952221
90470824
124822749
-30212238
13289770
104397632
-22962002
-12586479
122477351
79883175
-32141780
-145367268
119203581
42263609
-73877945
81775101
35954844
-109296573
-43390129
75046935
-127027750
-7876141
-50994444
-94272133
54261099
-19304338
11228608
53164352
-118990729
26832679
42046702
-123675183
-30348178
40393311
-58219698
64005793
45545916
-47477027
54399684
49576450
105408914
-8790593
-16847976
-9706824
-11744134
30228415
24015540
16811380
93807767
65612632
58397472
59290003
152264356
79879254
20898999
77881005
-35113474
-57733416
45808134
-39535372
40942815
50707683
-20212289
31375992
10274734
-85455869
-109229840
-96734863
-35132023
56463594
-27671719
-44024384
-58202782
-30543571
-20335048
55723591
103911249
-53664081
1793682
-73161150
5106006
-37333508
-85901671
64312369
98261745
117598332
99131286
23579566
109856204
108309779
34241885
118210228
-40611627
22287833
95387012
-14008729
7031622
-52311455
-69465252
75024420
-113164444
-3741284
-66366608
68337861
-47295698
-90850038
17217572
-85309741
15235465
8705192
14502886
-26339896
54519616
179406281
88258824
-42892277
49566726
-46303089
-184215346
-78033651
152781527
93615262
148639678
-7119802
-21418000
120816012
49153707
58556575
101340737
-34088830
-30333255
201460671
4627601
-18191512
143576840
-9663833
-100545577
75108886
-116200640
81073049
121487168
-147194881
-92062312
68215432
-95903947
14829295
155755649
-55101770
134161963
-44872275
-33378670
109535367
11162063
105341172
-47348197
20411124
148096601
112701628
48062237
68597832
30746062
-40134431
141078073
-169441495
-114645233
40163550
-103364232
-29472143
-115221043
-22239369
86089111
62122665
8630317
-70697564
65595671
-22483996
27031927
-16060079
-139431538
-217585214
-11554680
-109348695
-32364649
82595433
86370928
-120913763
68441417
48514931
-48078463
-51030149
-35318931
-89425083
-393440131
-125610786
66219490
26795033
-35265149
-82246212
-7853836
-77689448
-51281068
-39357576
-32346074
-52567995
189354438
-18144232
-141900967
130064119
-10834746
-115419149
-22901476
33493629
29571520
43736480
52900276
113848922
36286971
-48644475
61761157
111152871
127589687
14827423
105488673
55655788
11626710
15454369
95834590
77277458
23072207
14436394
-15846987
4574245
-24897195
-54656224
99615135
-18698126
-112466883
-147279116
128616779
142365847
9337188
-38994646
-54087569
49958847
2233725
-79435839
-1976328
-70145572
-104991219
15423646
88194640
-15942952
72973320
75318922
-141566560
-114900999
-6023341
-5301504
-80939229
-44479998
26986979
-109194501
38643693
57714386
-151179490
-8236468
-7232517
2207573
30491414
-37577351
43676872
50309535
-183967965
-44421807
90578166
74470
33528781
-1493898
-26262471
-5220070
-82148954
64901049
142287135
-271453478
-121718621
129213470
53124528
113670724
21099169
142924240
153073701
-35822148
-67687614
104566237
95937676
-90017758
-41383389
-145683892
-24631407
110086159
28762205
46476497
-30915400
-35031241
-66375178
-52261202
-3141947
35479825
-35889862
13990231
5989156
-69248687
60594030
-5907747
43843227
96493980
-23110148
-55765195
-19497338
-42983413
-69951485
-55025327
58222638
89724877
13253801
30694535
68809299
30031246
5306941
22009782
70451478
74576981
-76573932
5947102
10100154
-78345832
46561265
145755258
24276859
207947720
103748269
-41477597
92319432
-146064004
-188627400
-201826634
-187933973
87104687
-12472284
-17521534
120128539
32951419
112385831
103464993
113622526
63976381
-128311408
-165321577
-81699348
-179109252
-232380218
1002010
-106130028
-110096112
37769468
-27569160
108722959
11492706
-55021637
140023338
129284899
201802500
165746849
155763699
150732159
152936073
-17073123
153019701
195925531
-3202116
128775138
87849126
6836705
62359776
-152648886
11400791
58529023
79212924
40320625
39263178
15488744
102452342
32755927
-49071882
-59373432
-135202005
-61924484
-198619676
72187388
98183610
30852998
-20835835
-46221691
47602072
-75007396
4118908
116941838
83504310
39541568
-90321317
-98380420
-108536537
30241875
-9632401
45878852
-84947212
-90554232
-3399652
113644053
74542140
-49579901
-89776841
-106689152
-28961108
-16135137
-17597866
-113856700
37528728
13954876
-90361966
65371708
52609550
14261909
-49331893
-131280468
100703442
-22268397
-3028911
87876891
292718126
12816909
-148477552
24343882
-43350749
73272515
50794254
3503896
-53526499
-83655379
62332663
22158868
-102728337
27986506
-76256539
-158416194
41412966
40401872
-80656196
52565949
-68736613
-63892303
34918451
13404669
27843126
165208735
-6998425
-76337295
-50724076
-26838423
53691916
47832958
-70044795
-54761190
1171187
-23296024
42169746
-108818610
-91039308
3711754
28921779
5746905
-35804233
-98527087
-144520427
-16828221
-1848241
-66067829
-4718718
-80389556
-41644015
-73411392
8512340
114751565
18025114
-33927029
28249465
146927602
-101170437
-242593203
121679280
17182407
-96373075
49021304
-99884834
-161620804
42804612
90649675
104165333
19246620
52910122
837975
38233821
27525882
53000798
60754303
-121667800
-6471268
-99501911
44454018
69252922
55097907
95337570
-3879516
-45308081
68478423
116931897
-116721195
-11991260
-9786852
-157810051
-43041070
-109197026
33469740
25990678
-47351863
-71269488
-34928897
-82046002
-86650484
-36126474
-76128084
18387876
12434205
-42183448
11094645
-27901780
-69376072
24379293
28918194
-30927130
12134823
-51119947
-46828224
28288330
-54235802
12535437
37241509
2610541
-96875967
-36619937
76703098
-106882291
-6743913
89579837
47567228
-74426650
-62761261
-30931859
-99892966
-28655776
-51984941
-55507120
-358567
-129848300
-164435971
109541166
-13022279
61442812
-24939503
-134374061
-56113906
25672068
98336545
159252780
-30138695
-197525810
13445142
82251076
27555682
47259774
29529797
92829639
59930290
-33289718
31784941
38505431
4622731
34033453
38897050
89466087
-22796086
-51939903
-50236337
-31597347
-77886041
33291790
20318008
-64086092
137301224
-26328523
-189894229
53086186
74257204
46741832
-63678602
-152880872
-124400558
116468478
45254512
137760018
83456702
-14478840
177436762
176600379
-918109
-219668301
-147342622
-90254249
16755459
-103679733
115658900
79866643
-81604669
70600269
72212521
-50870789
-97491864
12794004
130697391
-4820069
-3964836
-104858491
108450364
174052993
65925827
-8711209
-11327524
110587813
60173508
-61804895
-93723433
66703747
194078407
82348885
-117938109
16352077
-25001122
-33176757
53217447
-55478478
76453139
-35581595
-90208036
37324675
-42061687
8709013
-86985117
85156256
65774733
-29234239
92481752
54755937
-73890506
24252666
-103510828
-149753931
39961089
-120486227
-5353776
153806093
-105235173
-22985971
-42415158
-45666432
-43391100
10557787
-53315119
-30179528
-39905047
10801344
-5176394
66186123
-28065450
-30700238
16853088
86463738
-36205409
-34614097
88621427
-91824126
-167558365
-71311665
17257404
-14297197
-65014609
91634894
51026299
-43264161
-18803940
72721609
-4213709
-16918467
27752095
-49869236
-40873655
-1674307
-109291694
-231190882
18988970
28630312
16747348
-34599850
15355927
22496488
-143692089
45846579
-73914253
-169861013
-125653590
-59985197
-35768612
-182803800
7969321
75782470
120354265
86431405
-145774009
-10198744
-16715796
-11863075
74934787
-1454101
4351888
121598965
43052472
-20678745
25121767
54949763
-55720523
-97232193
-105449901
-5655500
-34615327
23762436
-71192542
33662069
-79401300
17616804
83095704
-86921149
35805447
59354973
92132088
126476173
-67026670
-47387320
52153994
80056450
63270193
-57009818
84116656
-89434410
7167622
323504628
71496902
-102929430
96267881
38706346
-99154048
70534895
-114840351
56315165
142127577
-2788240
-112596948
-145447558
-9931479
46525504
90750739
-43743160
-44066671
125563420
53563316
87153056
-13420934
38054616
280410934
30502903
-14701498
10262462
-152426185
-48603270
52184973
-80781267
-64921416
-137426824
43254333
15482713
-46134829
-24575940
-4755238
-6743329
-8187573
-18161338
-125172875
41441278
-19828801
-107463421
-49643424
-119483354
-38816708
-55341298
-3628501
12572160
-20340735
136347706
138391652
-30925639
114554067
26130118
56993843
245520187
-53175844
-32982446
113587541
-38316918
1341240
99563677
-15914563
15114575
-116376941
-121027031
-82948337
10489551
174896481
76424283
-176689015
-82503507
37710457
-173103079
-109049469
61670699
-37749255
68652059
20976454
-47082367
96948306
41765406
-9280964
-12294506
148833347
155967773
-49459305
96501525
40095760
122686107
68900001
120749080
115303814
9759723
11199488
71324241
80535976
58698396
105810107
-67771808
14617708
-1908190
-108763426
71061211
86107778
-69933535
12204877
156216951
-62173645
-31394288
190553397
91916264
-49390203
60972592
-36876026
-54238028
2389092
-11746660
-95535512
-67422103
124309870
-29426314
-101634162
-10056587
78005149
-81809622
-138133105
-88792376
102033179
89943649
-37406432
89142230
-41582579
-103342399
94273104
-85247561
-69276285
116689696
1777044
-68826598
129466298
40885903
-119369260
-81623212
11690648
-31670907
27186244
-79888957
113855916
189983939
93319579
-38603395
-88893248
-37934810
-5588391
69989057
79243692
9330454
81353218
61515360
36581600
-44760693
-175292410
-58031720
13295899
-45252876
-42559644
-40972283
-86046700
-50163187
90185418
58626159
127454946
121282843
10458893
-36981038
31980196
-148114378
113874866
112694613
-39063839
186105868
38508543
59499378
-74416169
-67868957
59546327
-4651402
-42934898
-36892281
-10538180
101672780
-182621205
-103299817
78140439
-168472127
-28709245
-36565072
46912940
-85926463
-109385964
42739732
101414099
30568657
65910699
-58507011
-82691428
68836119
-10076148
-23174755
57175196
87112354
-103159653
-7822606
212510385
-10586176
-116781110
-20710437
3455832
-192722309
-84936508
50240247
-39758368
22422962
116861646
121170166
99618303
-47097846
-139854257
71884170
-99707286
269241
27514241
-42627793
-31501423
-3743021
158290735
-179261837
15603423
16038355
15098917
-113111683
31117257
-39747229
-144146467
-112587050
-149839750
-9180066
-14658380
20281599
78553975
23121594
-5888203
67798402
-42313858
40742972
76459170
-89011284
-25135640
-17712118
68995143
80961481
-49859786
61394669
90598871
-13310214
-126095960
17655947
4186941
1576216
20946156
14871856
21827327
-104985757
-113317959
-39211990
-22151843
-42484035
70746857
-47158302
-37789624
106749454
-17869275
-47474020
16460287
84004531
29652965
-15054871
-38005067
-548069
-65293347
225885
17954801
641071
15615176
-13619404
-44054638
2621778
-59539080
-11140207
-46122924
-19545083
39588237
101938911
47632595
-44667344
-139549512
-48841376
-2741690
-2795284
130386607
25962131
-134798255
-30805521
3054649
-72438465
52141360
-96792210
-129529012
2559153
23402708
-83665033
79358517
-45056877
-109657758
-39959973
-123459940
94621522
56664272
-51363173
-10735289
13183548
-62399236
-120090956
64353612
118192389
74056332
-106731786
-60558455
110938860
28222887
57354294
-31878371
-47184860
-22284512
43569307
168283406
70706842
-44023248
-66648649
-189923423
-29061774
-29125235
48706410
517472
-49096984
-113442460
-80199846
41021904
120872352
-18925891
-16757858
-16012661
84091566
75559384
-66362347
45154701
-64543453
-16808750
69018092
685734
-22582211
-95767447
91578689
66066078
-36074453
24255033
45683018
-19685746
-15405003
19329803
20671759
124615267
4008216
63264363
-7459235
-30677614
-29992566
5779015
124283384
-54237862
-28023874
133972442
24583121
-50687841
41500852
-54935655
47821563
-70849472
-81573745
114808496
-9855947
29242586
67589721
-62487572
-147390176
-73924306
153468849
135832457
58638129
65304006
46761643
124522093
72569327
88564633
268245398
92560250
-161170344
-17208134
116058878
-50207700
-52685126
-67800828
-70081662
-11946542
-13524580
-62459013
-30290844
149980556
67486274
-8030133
1618016
-48192401
17515810
86705161
68307224
-42011421
18809132
-17965417
-35845221
-3737662
130257147
58684031
78327655
151864385
-31005880
21191637
107211455
-151918613
52858878
55823468
-34375964
210892316
97195054
15087365
-122482032
-129373153
-87187168
-22944783
91291010
99110147
-59908823
-208075647
-116576
12559113
-120345726
-91784824
54893359
134512856
122790669
113554823
38091512
111119781
105472809
-105322485
-91026972
-1778119
-19052241
7989482
-8965020
3164984
87734858
-17412823
24244497
139265006
106923667
117547673
-174221895
-142573635
-72617314
-119178372
71551008
-62400898
-4283265
-71484431
-90142046
24324685
102555868
-125516585
-75255370
161600487
-107181860
9948398
136866384
-39942099
56829735
-2615049
39377710
7082753
-122134558
-12045932
52629083
-44539807
-51085658
80461173
49255080
62041053
57182001
26083294
-79702684
-182402226
-35348260
-24922232
-61197136
12997469
89409545
116975970
73371072
46643424
77853696
-127046196
-40162005
44374092
-134112766
-47091219
161551395
-130796927
-109487007
-68662771
61704629
-89549844
-109201992
-39720864
-66134322
14841655
-69218268
-76491448
22352897
52785497
-128087240
10033562
22889375
-77806728
139269884
19320742
-25703262
-37769469
90616150
-28990440
59660757
-97184614
-57281924
102774982
15740661
77748032
105779068
129390172
49176288
-27123724
37393460
-176273269
1918217
2972489
14281149
11232884
163797200
-2658228
-8102749
103459288
62218751
88535594
-81052584
-104299482
149488769
16136543
115964769
145523269
-82486308
-19200712
24154212
21437369
-18326679
-123480784
19293362
-3569329
-38482840
117407436
75652004
62268704
178135610
12628593
-62450573
-36343625
131875950
-19696151
-70710657
-118554138
-184012524
-151949619
-145490076
79957369
17845848
-184654087
-145364211
72374747
-13274983
39680339
106905841
10621880
4741675
47962960
-5087201
58595300
-42832631
4865737
-27068526
17370710
-69183139
-68993456
-77658705
-178636164
146100923
102292498
-280804022
52885042
83378162
-64656748
-24954030
-26770016
85006180
169860422
-3273479
-91450012
118934881
107272433
-120849837
52428896
-8917819
-34534803
46241529
72350650
46960481
-45971470
-33097810
-101739019
-10830448
64002806
84609892
100583378
-66272561
40702335
-3760240
-48725092
-107378315
10586914
155328283
88628891
-85926932
-185260534
7613518
-157297622
-65504588
-86999094
-100461615
32213330
13528252
54901760
61791101
-16218039
-71017502
133167845
27969176
-110318732
-111448974
-29308257
-109766304
-226794197
-20624886
16601663
-61300507
50313545
33052305
-17492525
60965896
-87171220
-13638986
-59796310
-137596144
-24657268
-21111456
15994309
78389942
-123739025
21935153
118911253
-94132693
-40610897
34422353
-68811813
-5005086
-6378626
10777110
19423911
-128110725
34476676
59445467
-43046684
119049752
-195105577
-57039070
134245193
-47004339
-12233349
-8065583
-61149247
-146933464
-67484288
-58075904
-83670538
-109426803
37877823
-104101925
-190575435
-44505675
44000720
-40045497
-38643474
135323581
70871367
4894898
-4474248
23459057
-130158704
32481989
72697090
51668328
115244300
9587964
59698036
31371428
35368980
50620113
44174120
13976503
-52707699
-81082240
50046765
-97546382
141933655
189106032
23339658
-32433316
-136449060
-15348977
-22876194
-67351791
129416632
143982807
7484794
5672225
125321646
99810672
11326207
-5554884
-82377375
-61044244
55404759
14494256
173069134
43681392
-211927562
40061328
84624555
-21351510
47014396
-59937963
-5928450
138626640
30906
36312934
149692451
-75667385
-143258849
-23453797
60935582
-56911063
121559924
101576168
68230777
91773
-131678276
-31170575
107755809
-25458927
-37918475
-173048624
-45437173
-55514447
-41419714
-83405431
-129409285
193241220
131969271
51684459
26436836
60998531
126674662
-203133768
-123435195
97039231
-29679755
-75168644
-93363422
3729197
66481926
-1304038
154644109
81132675
18940853
22602569
76075775
-42551189
-50901488
-38535608
-6123379
61283142
-1393119
-20861456
-32836129
-2349614
-181537871
-68950655
15502120
-42928171
-39645828
114003590
22862960
-118972045
84477687
50314212
-90121039
35853970
-81501399
-86583486
171567759
137836574
36793197
-148687143
-70525446
-147852159
-14834438
-76520208
4985769
29899850
74644814
152433982
130841040
678536
114492499
103549171
-238514209
-9454629
22882751
-108232796
47378792
23238434
-33161629
-40998368
14749126
82207211
143222594
-20468259
-32544897
44341274
-13470898
-45373780
-117798827
90811273
224146447
115235925
37978759
-97668506
-43352973
-10204613
157095564
-47399649
-72464958
-68028220
-19791953
-93487843
108265309
226429316
-48384708
75781722
-8800535
-54674917
41916565
9496518
89252336
-52198690
69226080
-32302568
39896108
184287793
-157158912
63664217
42355402
72831638
313067407
37298508
-143860546
46753597
104472827
75108352
48393115
-9171979
-82268528
-46240365
-53603991
1654085
-16881347
-55668913
71121952
-64292665
33297653
22547501
-101047037
-142581202
-55878491
165847237
-90958783
-192502740
-49806170
-108382097
-133787746
-1080058
22714560
-79954930
-41407453
-91779874
93930235
-92716351
-234946319
-71372950
-80636962
-201593174
73594860
-143229870
71318924
148804047
-265987377
-167958398
29874768
83110578
33554569
-33946918
85783043
26514015
143498677
85239643
-82401558
66487229
-38811012
-115456916
-96924001
-23561101
146137418
-65088236
-1547354
-28261554
70722397
31148276
-92278976
22270526
-31385195
155744694
71668028
-16564749
-43674536
-75268328
-18879765
-27914625
-6425869
-36184159
-215534997
18689549
-15886315
-6139525
-43644666
-185696115
-18559621
-60589628
-223321683
66464067
55058139
-124813330
-89025642
-222821720
-4147546
86845934
90854255
126914578
-5001185
112059183
71914045
-8625017
-24282385
83415513
55162589
-66582927
5961359
92045149
12591232
-88830573
-26273767
29278312
123923895
72588853
25535787
1187354
-12678238
55829953
-71934653
-76243725
-86294745
-134899651
-54451563
-39794914
-53921959
70406226
90908943
53572827
-8263990
-195586275
-59861678
118297110
-50422847
58111503
123594210
100018637
9680562
20102423
126510064
53304834
42175490
69785787
5072487
4958320
135781520
33584920
67588837
31187791
99615821
-27370929
71611837
197840491
26106130
34067861
112963391
-191962397
-46547522
175377531
41091364
106340932
145436228
33673698
68807411
116942949
57742363
-81789356
-81710372
-56194736
14062211
51392770
9333754
-24342426
-65338250
-78992302
-21682739
-32459638
78169789
-23115158
-148477476
-210643799
-160726241
-104853854
-66312699
-58286575
-40925725
56293105
-28710508
37065308
24117013
21162472
60385319
-68198888
-199895666
102254353
84639730
-18993764
191305677
116830677
118365604
152748219
31110531
176929005
63203629
25151112
121267631
73928459
49448710
116159699
112299152
34066708
48102426
-52710642
41656213
48375855
-45214446
97196024
18297639
1567125
49908398
154194264
-43347757
-67676828
19732323
-32679137
-43053726
-17266937
68086247
60493043
-20570805
20289877
-24053364
90076851
-20634063
-91681994
-111194935
-12551935
35936170
68838432
177117518
140697035
180756151
146221205
198541181
119456275
38239098
192928337
100553331
14679287
48340802
91300404
74992410
36357710
47362810
157780998
-42172168
19573950
-89878007
6743464
202706044
-8382737
-61034271
-45746480
142508767
47456512
-181455505
48668434
-42080241
-61982542
83300230
67472833
109437738
-42032647
16807502
148226016
-13909772
127881295
130652750
63968699
34931539
75224440
72688724
-12115229
7483746
39219313
16506447
12024688
88864
30311398
-65589516
-78468390
15351579
83929569
59911066
1829160
53294773
9364104
40418626
55749099
31498924
-56402532
-77267289
4936683
185336290
174061679
96392375
82984825
-52102083
37014405
155287395
78064980
68912314
18861026
-60387559
-1151206
45699043
37753142
-36040835
-9282439
38630237
61453925
171520548
140837515
-52444891
-138693604
-80748502
-176692385
-76715033
-5695441
-121638776
-112597053
11550278
31378114
-10799650
-120774883
-138277024
-32997637
-36839637
44831096
156673689
-11480854
-253031753
-140467452
-257374559
-43782990
3280760
-39452098
-156974737
39348524
123684672
-108962215
96516832
161326219
-151777173
-205258276
23184424
47149092
-198355751
141115613
100403270
-72799481
-83100481
-268036029
30659372
50429762
44637355
88212818
215196648
23167453
8918433
113008131
142565032
46071513
473426
122446268
82957341
224776594
169477988
42917882
116019789
100048727
104502558
-31186595
-203641434
-115619024
-29990478
21630506
40631133
98708244
60843191
3611735
-65638402
-72676329
9320369
129078915
106120528
-93532785
-27729146
53165296
16725673
33525440
132963790
125781871
-49856789
-112279313
58532050
87371760
128528307
195345805
143787767
23307110
-17769716
-130917544
-109016040
34230783
-38948437
-55008341
-79019153
-95397943
153891550
22393999
-25480418
-88141820
-6592105
-4916528
-96351584
-29533954
-12186609
-33648034
-96175054
1190869
-15005807
18873226
71801402
-63491496
-53658482
-5576790
2771233
13196538
33971845
47201645
62517045
239827044
108673776
78270757
152976771
-81528222
-77484086
-15408367
-160892813
-207645789
-184126073
-34829126
-87802412
41460257
158283685
134125957
-15476197
-74852896
-9527535
-105245455
132488892
336292844
42253128
-17767072
127019297
50274269
210614077
252606714
103918417
29425581
101760520
50088018
135134111
233634211
197573700
120207621
-39639239
124841384
167310975
73663383
109513295
84124843
113107741
23322314
93291432
96205392
176995832
192314587
55566893
133212834
116156807
151054720
38187005
41025517
131681860
30994969
32308368
126243071
156396315
87951604
-18321316
-26072444
164786748
155769426
-30116615
160008925
196575443
-209901080
38026273
172275504
5446100
103689820
186574629
23169892
19155563
70620692
55576020
17022365
75483003
103686435
79257406
143773715
191322901
60750224
63318646
149841031
10228490
101029677
135913542
50127188
138838641
21058295
143816634
136407899
-34260768
134266045
121063612
-11712638
-16219628
-1189163
-77118603
162910497
123464946
-37053973
8179462
86172217
76185724
47932038
74974855
-62555788
-21567999
67129798
-4867842
172116212
-42290048
82419814
134517433
40878276
30433061
96994970
-36055101
-121618951
34538258
-42416592
-55381296
13188838
-66794951
12258027
-49791646
4094949
-87643845
-151929755
68431903
121128852
230082343
85386260
44873287
94985404
102858846
150102510
136337440
214418318
196204090
-77419554
73122326
73671167
-42323525
-19768714
-20912672
-35583428
48474849
-27023597
25831228
83275940
97246041
15820553
-44539837
70584478
-47414089
-44592157
76722087
-46411315
166436275
14550832
-8424317
73018910
-39262583
-85797963
-96741920
-186895419
-154268247
-204191322
-135137514
-33116387
8647400
-102295699
-116023708
-117021719
-272326064
-147809811
-151833498
-128109707
-137416007
-134363114
-62720119
-252893140
-131958540
1952042
1350437
-60576952
-98596219
64967816
54037189
-114510184
-94930682
44837681
109170422
15367322
-34690817
212821960
193479660
63733031
-80299284
46190030
35353425
134473539
85708807
12675003
102430586
-5034553
-5516840
-56138000
15134135
39414525
49909400
-55860936
-21626150
-57202515
-176334287
-83258705
-111989355
-124931301
-36307323
-81440328
-63653095
-160608307
-167105263
93910704
-104948064
-106055256
82984520
-132530838
57006165
65919014
-169987512
11592013
59664837
256142621
-106730097
-35095868
23492905
36094468
27795159
-23868334
-163730842
-161335813
-71801117
-150702325
-175666729
-66827736
-2456232
-9845555
125675786
163284134
39418798
-44707349
-52695107
53254815
177215738
72932177
-168864352
48968921
85961989
-44922114
-71559729
45938026
74364509
30658927
15426161
9463641
103898102
-12903247
92569722
10517924
-54802658
3996502
39572992
-4900183
149486447
117233708
100806186
125853072
103756616
93079087
-4400086
69273153
181823080
116032386
160998716
24245892
63297353
164907424
185696556
113174467
60001466
145895167
97516527
47064685
74590869
204201680
169912948
112859479
47625548
-49201219
-179629934
-85898395
-65616531
-9568958
-34580033
-153591129
-145124517
-54272379
-106552195
16038376
-107661073
18038259
70552683
-93906030
-63841869
-5816300
-44442836
-8829881
21399754
-110184495
39578969
-107644409
-88250227
-18354926
-7096362
101756041
26941393
76380681
143450257
-74457399
-119404787
90272211
34563926
-40370245
74121466
-69548953
-117126181
54729821
26859534
3845477
5709005
-52459386
-39925312
-2944960
42284878
24416845
47881967
98441652
-16560513
142853636
195866240
1935329
6868089
-73710157
86917376
12369370
-66266937
-31071633
16623776
-44575282
9506429
338347
-41142483
104404576
-53208612
-33224700
112385775
45917033
34752342
14087741
-24669664
37515634
-43001383
-127343222
973932
82153419
-31951516
-9858127
38698890
35314857
27483140
23315527
6171759
-158659133
-58851495
58036031
90892770
-10041605
-36288743
-1350759
-35623698
55792941
-45123859
-26035465
77795588
5672050
3251800
-72139420
-99784762
17279397
-37993148
-53927289
-62713358
-110077534
-82658546
-31412720
-79642762
-15985102
91671791
-9437569
145770393
147366965
51686128
40533835
18690671
44843861
42998694
-6895906
3815113
-75177161
18993960
-13251531
-33300034
153938472
210480816
34627110
73652974
36868631
-59145395
-23344764
-87369380
-54482869
-14754426
-49586429
-36048998
-140232102
11962663
-32754988
-90056854
-106999696
-53999959
-33326025
-5051684
118215539
41224046
63001723
24931802
78201906
-50452849
-184596008
-45634611
4340035
-128469897
-42194400
53177777
-24685660
50572558
63539803
17540583
113799493
24379431
-67872383
-111178452
70484495
27651268
-64762419
34812605
54168982
4925984
55357531
39243663
-31761599
-21645731
-36062995
116671958
15933616
-46337822
4768208
-10294991
-54566340
-67114232
120389450
-64321191
-143355581
19381641
-33098967
-4293458
38211160
33269781
118281160
59695273
81152004
110781831
1837519
43983730
65303868
-68112164
-37187678
78009991
132310885
40891734
-54592003
-61241620
6630093
-10209177
-12725439
26815822
76302821
114908482
55447728
-83297931
-99761877
37210028
-31009257
-20921119
41909132
-4079793
-42163798
53829785
21092638
6867689
45211223
86660733
-2146503
23225478
36816144
-215274604
-202639919
24775523
-45748190
-39209637
-29340065
-24769524
-93719634
22791344
87520369
-3163324
83939429
82685966
-82215603
-26488906
-58402418
-19078332
91300919
14043109
-16216102
3689914
66517466
56975017
130117112
41408423
56219386
-61778575
-82591637
98731802
8935770
63368540
82268216
90638130
-9748680
4526891
52184029
-4785568
-2537532
-36770898
12625941
-19291139
-65776429
59314153
179765152
-33231700
-40308642
3840652
-11113439
-40694940
-66597575
-54431532
27015856
372183
-41546513
61547248
-15914592
3687246
-41615786
-34531347
-20084063
90864051
-111073848
-130529229
-65411291
-148627273
35000441
-59142673
107028671
-15393438
-110212236
-6000202
-13763132
61777484
-32933206
-96625999
6098947
18217513
54521151
-38995095
-104028734
85611627
22706151
21467464
-55519587
-33299748
-60015377
36130525
-49136909
16934021
100505493
-96396653
12691058
48460495
38945995
-54154343
-13412147
107355263
-97008152
-39429027
-33916181
2098442
-64942065
-114294243
-57900338
58537637
78009996
88797236
-115047864
-121336342
-26389615
-80131012
-22189054
66198029
20239128
122673769
87105717
-26951861
-96529183
23059367
-18794003
-84410133
103526632
-82479698
-186097713
235625893
150889784
-48917368
158582410
165335106
127658471
-82197725
42668330
-94228326
-185035017
189777710
157672180
-39517779
-11087257
-151341205
81317157
243299332
-18611477
-199838047
-115725668
63404886
23725743
-110906678
-26278809
-59703260
185170567
123145827
-98817514
23064126
64546764
-6962721
62529499
-97264509
-7552674
-35813375
89085246
182298126
-62132568
-35170039
26128813
110001709
110058266
-106351220
-7785695
74936996
222894022
89298392
-165972599
-123026336
-139292435
212424382
34799147
-148847644
-153983254
-129918404
129163587
-134020185
-254167569
-66892654
-46142964
257061014
63160664
-57351776
-64003144
-22953303
181490074
-42397053
-228091140
-57466823
89726906
191124376
-133098563
-205944179
-104505609
216021173
271328963
-121109718
-213994156
-50524191
280851537
175512045
-92766587
-146692966
-47638669
324941629
105085435
-48391204
-46037185
136858797
259070169
56069822
-116969444
-150212310
186883742
298947732
-14350854
-298797473
-196196571
107979898
185918372
-22230214
-162081522
-139065718
216030000
313437320
-40169869
-228380677
-145742160
287672300
248846561
-115884478
-201870411
-41069803
134726766
79415371
-116139543
-67007754
-45530208
141227135
100642053
-236317398
-312059624
146946959
232270106
19323931
-181231598
-235281748
242761820
189782657
-131570296
-174485889
-115565290
136486201
152422470
-133248641
-254319461
-197961718
151443817
94194574
-165470276
-240373215
-186362310
232040893
148034811
-155344196
-178820154
28606307
259346118
40540211
-180513423
-140446338
50226827
241892115
-58348170
-292257283
-173608692
92813724
372681016
8409347
-273161361
-60696551
79120383
344954761
-12464326
-285932338
-112933433
3884097
278315164
-47057991
-214306637
-83197462
142803482
314508038
-123860155
-315283375
-232068884
79898464
296304228
-142427945
-103418729
-110162804
188304867
140854657
-224623670
-111145833
-193770266
296174054
115079936
-214869647
-122040185
-34170064
258830043
6134670
-249055173
-157220679
-46235870
202072764
-3696279
-245309654
-131974084
222272840
306237827
63831498
-173064762
-192747137
145267440
127250377
8175513
-300631554
-69647071
339521726
158173193
-231748895
-317528724
171900849
290016021
-69553682
-278913183
-131364149
183314475
235122905
-22896703
-410622443
-28474030
319694028
45932729
-142152398
-173987891
148151631
181079674
15077896
-33780294
-193084534
128897534
97460542
-72304687
-240900313
-146243850
199500155
202065864
49057325
-250592039
-201320774
188651382
-15686403
-199897305
-169456738
136489626
333173804
-72983733
-103068773
-22076214
166852584
144910028
-20122972
-165001528
-226561583
234025201
174462690
-113989663
-239130604
-48174471
273503889
67012688
-19932923
-310878831
119993911
220846795
-168031390
-206554272
-243503303
160286725
231433891
-60064223
-150747824
-62396334
236573953
51347344
-120256417
-182849476
-19175589
293073657
56002533
4226465
-229781350
-10862152
156962783
-91282777
-190156224
-103964017
146439408
87371388
-204039039
-194695407
-42530821
109991244
-82181459
-157644149
-28944339
25392690
301015813
211640699
-4640264
-99982483
58010861
23277601
-90579620
-31705755
