218103544
-6488066
6144
1258292356
5767164
145152
1862271075
-60555268
-9217
-452985012
5439489
241664
-117441097
-7864320
278272
16776564
-15925249
-322561
67107967
29360130
-165889
-1006633833
-28049408
-186113
218103687
-39845889
-27393
-134217972
-40108034
162560
-1929380464
-44826625
-76801
989855796
-12255233
80896
-1224736521
-13303810
26368
-2013265373
-48431107
-26369
-1811939193
-18087936
155392
-872414568
-20905986
32512
-1409286597
-27328512
-177921
922747291
16711682
-263937
385876311
84869123
-62209
2013265312
38797311
-33793
-1627389917
24576000
-22273
16776700
70516740
-73473
-486538501
-10485760
30464
1224736684
68878340
105216
-1191182396
-18022401
-86785
-805306736
-66781187
232192
-989856424
22740994
-133889
-1744830544
4980736
36608
-67108672
-24117248
137984
-822083504
-52101124
148224
335543519
-2818051
-92929
-1224736609
36372481
241664
-1207959633
-5701633
-180225
-1795163489
40828931
-169729
1409287164
-17563648
30464
-1996488888
7340032
142336
-620756760
-37289984
60160
-201326641
13893632
-4865
-150994545
-4194303
145152
1543503928
23003136
164864
1543504323
-19922946
22272
251658508
-34537474
-69377
1006632380
-40828935
-19457
2147483275
-12320770
13056
671089372
-1835008
-187137
1291844880
-66060292
71424
1828716416
-11534337
11264
-1409286116
-25427969
-139009
452985607
50790401
-179201
-1006633672
13303809
-57089
2063597591
11534337
-86785
671087919
851967
-167937
318767184
-23003139
199680
-788529948
-25690113
147200
-1426063224
23527425
-77569
-452985145
-3932160
-89857
1946157720
20643840
-22273
-1946156853
8912895
19200
-587202920
31981570
18432
1526726867
-44105728
164864
-134217669
20185090
-6145
-1073742536
55508993
47872
469762579
39583747
-78593
1056965668
58392576
135168
50332267
-29884416
124672
1610612075
7143421
57344
-1493172173
-2949119
94208
-687865100
36438017
-168705
1929379951
-27787267
205824
-335544141
1310720
9216
-201326604
-29360128
-16385
-1677721901
-19202048
78848
-268434269
26673153
-8193
-956301264
-9699329
-155393
1946157868
2883583
-108545
-1946156553
-26738689
-2049
-1744829477
-23330818
-51969
-1325400104
-20971519
-58113
2147482640
-12255236
-95233
1694498588
-1310720
-213761
1325400779
-26673154
-56321
-1476395241
16187393
7936
-1677722001
-3342337
159488
-671088620
29884417
200448
-1392509064
3211261
-115713
-1526727397
12058623
-31489
-2147483240
35651587
85760
939524268
14155776
277504
587202799
15138817
-8193
805306175
-57344005
87040
-1140850828
-16711683
1792
-989856084
6815743
346112
-805306064
-1572865
11264
-1476394632
-13631491
-145409
-1560280928
61341698
-46081
-1358954412
-7667712
-232449
-939523413
27590654
67328
754974647
32964609
272128
-1006632372
-3866626
-77825
1593835587
33751042
30720
1543505007
-22085632
-82689
-536870217
62324738
-9217
-872415564
-49479682
111360
-536870609
-11010047
-79617
-1073741760
11010049
75520
654311488
851967
240640
-1476394620
-28835841
131072
1929380275
-79364098
-152577
872414592
15532031
-166913
-1006633588
-63242240
-25345
1291845451
-84869126
-106241
-1426062368
-27721730
214784
2013267155
7864321
-192513
-335544308
720897
-46849
-67109256
-15728640
91904
-1543503045
-27000834
-40705
1409286296
35389441
69376
423
-38273023
20224
218103435
-50593793
172800
-671089492
49479683
194560
620756888
12517377
214784
-603979400
36110337
143360
-150994768
4456450
-9217
16776879
-73400323
-125697
-67108292
44761089
-241665
-385876045
-13041665
137984
352319995
-327680
-37633
251658316
-10223617
-64257
-1946156128
-24641537
-144385
2080374631
9175042
59392
-1342177060
-31391746
182272
1493172020
50003969
77824
1358953968
-10223618
274432
-1140850741
-13369344
-32513
-134217953
19136513
150272
1392509272
64159745
130048
1543503380
12648447
67584
1543503880
-3735552
-61441
-486538913
-40370177
-290561
1476395388
58654722
6144
-486538977
-30867458
-167937
-2013262785
-169017371
-3228417
1879049016
628031537
2219776
-1879055388
-953352252
-978945
-469748052
1054867510
-286465
-788543404
-877068321
2387712
2063614003
732889106
-3604225
-1996503884
-425263100
4070144
1996499248
-38731808
-4264705
1962929800
489357363
3961600
1677719775
-798425152
-2846465
385883772
1088946242
1227776
-1862283956
-1174405182
166656
385892636
1023672361
-2187009
-805323400
-781975568
3300352
-1493157140
493355005
-4235009
1291835855
93847588
4296704
-134213489
-446431286
-3755777
-1828713812
884998210
2772992
-654319956
-1064763457
-886785
872429487
1103626299
-581377
134200691
-1021313065
2383616
1409303415
773521424
-3675137
1895811043
-242221037
4450048
1342186244
-41091110
-4178689
-452987192
595066938
3677952
-1543507441
-948174920
-2835201
520104099
1155530823
783360
486524156
-1182793784
868352
-402636012
991952933
-2569217
-1811957300
-764346384
3809024
402667632
350552053
-4319233
134206188
82313250
4576256
-956296852
-475791415
-3734529
184551820
801374270
2630400
1023400984
-1173094472
-1069057
-218090341
1113587764
-918273
-2013281781
-947126306
2656256
-2080358012
794492943
-3650561
1962920860
-205586413
4382720
-939515928
-116588582
-4416513
-1929382220
553123898
3295232
2097147300
-905117766
-2214913
-1677710620
1077149763
816128
134201032
-1160970298
851712
520111488
1042808873
-2593793
218086003
-714276877
3937024
-2030026929
352911347
-4515841
-989864881
149159972
4539136
1476399208
-616562750
-3692545
1728055844
929300546
2626304
805296811
-1128267845
-851969
268449083
1191968826
-781057
1610596251
-1012138018
2553600
-67092697
674430986
-3895297
-2013279101
-285999090
4059904
-1962926952
-192413741
-4241153
67106800
498860087
3238912
1291840471
-966459459
-1975297
268446375
1173356614
640000
-13965
-1070858290
1282816
1795180368
1017839649
-2808833
671072384
-704053256
4063232
654325992
246743018
-4909057
1879037824
154927142
4350976
1744832624
-593756218
-3597313
855643004
974913605
2514688
335533995
-1084227648
-859905
536886527
1125580850
-1201921
-335561756
-1023344677
2654208
1056981023
634650630
-3742721
-989869888
-292618223
4405248
922755120
-171704362
-4319233
-1476397161
593952821
3335936
-1258296376
-899088450
-1916929
-268423953
1116733502
451584
-587218009
-1141112888
1545984
939542752
907214874
-2922497
-1056981304
-599982085
4414208
251671179
130088936
-4576257
-922754724
322109487
4441856
-1207957668
-660275262
-3690241
-738192153
1067909195
2188288
-1811951897
-1282867272
-491521
1140865883
1124335668
-1398529
-1610630257
-983236642
3244800
-1342160004
697303048
-3815425
-469774461
-160497640
4529152
1191190268
-298057773
-4116481
285212212
592379963
2987008
-1543510181
-995819589
-1942529
-83874560
1106706494
42752
1493156391
-1048772656
1644544
-1543486801
924516380
-3170049
-1660959672
-480051195
4304896
-603966825
263192557
-4383489
-469767725
380305461
4488960
1459618375
-713556033
-3342081
1660951739
1074004038
2155520
16764384
-1195835460
-169985
1879064139
1103626287
-1721345
-671106972
-962592801
2969344
-1409270297
524550143
-4264705
-1929392576
-176160747
4183040
1325406955
-290717744
-4104193
989856511
693108796
3033088
-721426592
-932446273
-1431553
1191195060
1219231812
10240
-402670548
-1022296111
1935360
2080392152
868679701
-3563265
-1006648181
-501809148
4217600
-1342166121
-31653920
-4685569
2147478804
379256883
4376320
1409285211
-887095369
-3197953
1056972215
1090453577
1501184
2080361823
-1141112895
158720
1207976512
1080754224
-1891073
-1124091485
-877854743
3273728
-889175869
492568572
-4447233
-469775024
-63700966
4392704
452991588
-342032433
-3997441
-1275068428
794230845
3022592
-922754337
-1024655428
-1458945
1946170503
1144520761
-402177
134201475
-1003421739
2385920
-150977460
952565788
-3476481
-2130720789
-506789883
4212480
-603968253
-983075
-4061185
419425704
485949498
3790592
2080371996
-976158795
-2857729
-872407125
1125056584
1255424
-1929395340
-1246429252
131072
536888623
1136590893
-2231041
-1677740405
-832503829
3866368
-1694482512
543424511
-4134657
-1811950508
-19988448
4780032
-1677716845
-395313206
-3791873
940
847970371
2562048
-603987673
-1100939335
-1653505
-1073729013
1083441210
-232449
-536887893
-1055391785
1790976
603998084
827326484
-3546113
-788544921
-408223737
4156160
536881520
-42991650
-4675329
620753876
472645687
3874816
-1207962157
-851443781
-2735873
-2097141800
1100939335
1053696
-201341481
-1085997114
1038336
1207976659
1039859752
-2422529
1946138464
-768606223
3915520
-218087925
347144180
-4606721
2013254307
24838179
4575232
1610617451
-476250169
-3723265
2130708987
791412802
2899968
-536880000
-1130102852
-1275905
738211788
1141375036
-456705
1694481508
-1090256941
1981184
-2147466980
760741903
-3710977
-201341741
-412680182
4222720
-1962924448
-138346536
-4280065
-671091517
581632057
3622656
1694494259
-921698373
-2519041
-2030033697
1130299460
841728
-134233340
-1135280187
1007360
1795180448
1088159782
-2601729
-989873568
-754384912
3875584
1879063912
274202606
-4696065
1828706411
110297127
4465408
-1476391356
-616562751
-3841025
587205207
975175750
2808832
469752056
-1173028935
-1091329
671102951
1148911675
-976897
-1946174192
-1110638633
2601728
201344144
841220113
-3807233
402640264
-285016047
4533248
-1879039224
-69402661
-3873793
-1728055296
589299772
3929856
-2130710489
-874774597
-2271233
1996499884
1198522438
626688
1694482772
-1153695798
1372928
721438168
990904353
-2990081
956283859
-667680778
4080384
1325414328
238551018
-4940545
-1409295733
229310511
4637440
1610614112
-633077824
-4090881
117445127
1034879049
2265856
1962922835
-1225785413
-982785
1946173199
1247477821
-941825
2097133847
-1048838182
2756608
1526744795
775684107
-3714817
-469776256
-282066926
4444928
385885423
-249495598
-4571905
-1325402597
599785531
3618560
-1879051713
-937689158
-2265089
-939512656
1118502978
378624
-1392523245
-1146290230
1350400
855655559
873398299
-3185409
-1879066213
-653262854
4128768
1392521140
89653220
-4845569
67099407
283639858
4480768
-1811938465
-680263742
-3414017
268441111
1083441228
2268160
-1996500972
-1238827077
-147201
1409302800
1188036661
-1367041
620738119
-973537312
2888448
-620739693
707788809
-3946497
-1207971953
-196411372
4701952
1275076695
-186318890
-4357889
1879046779
659488826
3565312
-1006637293
-949485637
-2365441
-671077000
1201406021
335616
-1207975548
-1097269299
1145600
-218086440
866320412
-3144705
1744812420
-633864201
4062208
-1627377109
109117411
-4579329
-201333977
341573682
4386560
-872415601
-769327177
-3047425
-419423904
1025769543
1884160
2013252227
-1186201670
245504
-1224719496
1160773686
-1592065
201308160
-964952093
3347456
1476411427
622854145
-4119553
134204743
-118292453
4626176
469770104
-268435501
-4392961
-50332625
741277762
3397632
-1140856813
-1018888261
-1833729
-1610601128
1180106816
-197633
-1409302341
-1180172339
1664000
-603961529
896794648
-3246081
889175955
-568393727
4385536
1140863404
59047906
-4824065
-989861733
279380017
4014080
-134219589
-854786116
-3119105
-352313233
1070596165
1533952
1476380647
-1180696641
183296
1073760111
1146552372
-1919745
603960708
-581107724
1963008
-1224733041
55050234
-1190913
1291840911
-123928579
197376
1124075059
12386300
-425729
285212588
-30212096
311296
-1564
-151257096
-99329
754974263
33816575
-239617
-536871861
-58654722
164864
-1627389212
35651584
-74497
-1996489785
44236803
-60161
1744830384
-49741830
18432
-2147483521
86441988
-322561
671088203
196609
62464
1744830556
-20709377
46080
-687865028
9895942
89856
1929380560
-11010050
-36609
-536871017
8323074
202496
1224735608
33554433
7168
-1543503149
3932159
153344
1023409859
-39321602
8960
-83885125
24903681
22528
-150994441
-29360132
88832
989856619
-22216707
191232
1325400099
34537473
-207873
-1140850517
23592960
-126977
1409285911
-31719425
-86785
922747151
36962301
-141313
-134218705
36438017
41728
-318767556
-35651586
56064
1677721352
13631488
-1
-1929381000
-16580605
19200
1811939340
-59703299
24320
-402653756
-74645507
-149249
452984848
-27983874
20224
-872415377
-3866625
90112
-1409286412
-2621443
-127745
671089488
9175039
-8193
-1342177108
-45023235
14336
-1795162648
12582912
253696
1023409732
-22020099
2816
-1879047648
7602177
-114689
1996489447
1048572
13312
-16776180
18546688
147200
-469761477
-36896770
-9985
1476395572
89128964
-3841
1929380619
-12779524
130048
872415784
56033283
206848
-1879048984
-11796480
129792
-603979872
-18612227
-45057
922747412
-10485759
176128
2013266368
21823487
-106497
-1811939001
-22478849
-80897
-184549444
56033283
70656
1694498052
4194302
149504
-1157627276
7798785
38912
-671088393
26738685
-161537
285212052
-7667711
-111617
1895824984
-31719425
-34561
-268436116
-45023235
23552
855638047
-12648448
237312
-67109045
16711680
127744
1426062475
-15007743
-110337
-1946157685
46071810
-127745
1610612736
22282242
-211713
671087703
-72024069
-53249
1140849844
46923778
-243457
-805307204
-32964609
214016
-2013266188
-13041668
-73473
-1627389152
86769667
5888
-134217689
95617029
138240
-117440749
28639229
-109569
1157627471
12320766
-103169
-872415028
50855938
45056
67108064
18546691
-20481
1879047475
-20185088
164608
1476395004
-18350081
-129025
251658684
5439490
15360
-335545972
6815743
-126977
-1459617984
-29097987
130816
-587202837
-78381061
-65537
1593836539
65011713
-154369
536871095
65732610
44032
1828716460
-20447233
-134145
469762564
-33554432
97280
-536871129
16777219
33792
-1409286017
17825792
48128
1493171179
61341699
-39681
-1728053628
1310721
206848
2080374583
-36765696
13056
603979452
31719426
-63233
215
40566786
55296
-1761607520
-67108868
174080
-67108936
14155779
64512
2030043115
52625409
-57089
-1862271268
-10944515
50944
922747252
15990785
43776
-50332205
-64225282
119808
721420651
1835007
-51969
-1006632725
-10485761
194560
1895825347
33292287
98304
-268435225
12845056
-58369
-1409285620
-53280768
-100353
547
-4718591
72448
-620756797
7536642
-102145
-989856460
53936128
-39937
16776683
-77070337
-18433
1879048400
-57344001
-49153
956299976
0
82688
1342176820
-52625411
-100097
-117440572
68616196
-38657
-1610612661
10813437
-103169
1073741240
-21692417
135936
-671088061
-30605314
-26369
671088719
21168130
67328
1660944436
6356990
-122625
-2147483464
-27721731
136192
-469762193
-3145729
-61185
-201325780
55574530
-267009
-805306165
25100290
196608
603980055
-10485760
56064
-1946156704
28835840
-12033
1677721324
49741827
-75521
872414831
8912894
111360
1811939327
13369342
-24577
1023409387
8191998
128000
-83885308
77266945
-1025
2013265604
-73596935
133120
-1191182977
2555906
18176
1677721291
-62390275
30464
-1409285913
-3866625
22528
1275068328
524284
360448
-939524128
27197442
59392
385876251
-72089604
-360193
754974367
-39583744
-16129
-1056965052
2555905
18432
1073741807
54525954
-14081
-285212540
-25493503
-91905
251658867
45088772
-77569
-1073742332
-31916034
-40961
1728053531
-58195968
52224
-1728053777
2686972
10240
-671088605
-4915202
122880
1946157763
-20447233
272384
1728053608
19070976
77824
-1728053257
57606147
65280
-536870849
-10682369
-11265
-805305681
58392577
-132097
-1342176285
8060928
-75777
-822082481
569901095
1898496
1342168951
-775618602
562176
-1627376917
756285467
-2013953
889178020
-633012242
2885376
-687852365
208470002
-3564545
352312291
-19464164
3877632
-1811932828
-413925424
-3464193
-956300477
700907578
2781952
738191351
-974323774
-1230593
1191194384
1124335675
294912
335529727
-874774564
1959680
-1895809061
898826267
-2937857
-1258305516
-359989243
3941120
201336724
8126436
-4348673
1828710348
354156587
3718912
-603980776
-739180602
-2446337
67116972
989790270
1295360
-335556688
-1059848247
381696
1207975704
984285220
-2267905
1275052863
-673644556
3131136
-1811926177
426311672
-4327169
-268445093
68354081
4102144
-402650016
-468385847
-3432193
989858847
839843902
2304768
620748144
-1015545921
-921601
-2013253045
1039859763
-628737
402637740
-898367524
2062336
654327752
697761806
-3640321
1543489071
-388497401
3862272
-2030032985
7143394
-4132609
-1409290988
495648819
3603456
-1459619373
-730529848
-2516737
-1828708800
1039859776
1194752
486526555
-1091567670
485120
1660959708
994050086
-1863425
16761843
-749928464
3243776
989869659
332201972
-3864577
335535107
50593826
3716864
402654995
-539230264
-3263489
1409289539
823590972
2194432
687857164
-1036779581
-829441
-2013251600
1008926768
-1123329
-1996505589
-968622115
2230272
-620741593
606797830
-3593217
1610598847
-244383729
4276992
-1409275932
-84148259
-4257793
1006629415
559153209
3511296
-939526989
-860815426
-2469889
1258300259
1024131134
692224
-805320036
-1180631096
822016
-402636696
991363110
-2086913
1627374716
-757596174
3523584
-201313293
316932082
-3913729
268425992
166133795
3917824
-872412649
-505675826
-3180545
-67104453
920387649
2185984
-520103100
-968818744
-616193
1996503299
1097596980
-1289217
620740084
-893386782
2786048
587219848
579796997
-3903233
1073729344
-202899437
4626432
536880635
-236453933
-4348673
-671091688
521338930
3456000
-4428
-941359173
-2280449
1342187572
1066336318
647168
2097136844
-1073676338
1264640
-1073725485
864550941
-2314241
-1124089481
-714014731
3470080
251670951
240189423
-4129793
687858456
273678378
4049664
2063599728
-499580982
-2922497
-285207320
841941052
1847296
-402663748
-1074266173
-119809
-1023394681
1050607663
-1409025
-654328261
-877592607
3042048
-536855984
521928704
-4130561
1560269708
-146079721
4387584
-1895817988
-317390894
-4201217
-671089953
725876800
3692544
-1526732133
-964100167
-2168833
1006644979
1143996478
433920
1694482595
-1199243319
1064960
1862287936
924057632
-3015425
939506947
-569114631
3742720
1325412399
182714347
-4189953
2080367476
226426920
3682048
2063599831
-568524855
-3111681
587207671
945750085
1880832
889181256
-1044381752
-465665
1862287380
1007353900
-1628929
-587218777
-792461336
2799360
1476410463
513277953
-3856385
16764936
-65273832
4386560
1996495736
-358350899
-4164353
1409286228
632815673
3420160
-1879054824
-1071317064
-2180865
-956289421
1094451259
132096
603963856
-1154154546
1531904
-150977804
864026650
-2706177
-520108748
-543358979
3982336
-83873217
207880172
-4424449
-117447585
228786218
3780608
2013266623
-637796409
-3122177
1258297320
906494010
1231616
-1275079900
-1107558461
-265217
1593852331
991363116
-1889281
1946140736
-848035868
3213056
-1677705932
560726016
-3975169
268423671
-114884584
4676608
-1895818468
-294584365
-3775489
1879048588
721944638
3199744
-1073748696
-1011810373
-1795841
603992080
1095237692
102144
-402669549
-1114832945
1626880
-1761590904
854786069
-3094273
754959196
-553451520
3939072
-1694488237
106692582
-4325121
150988192
294387760
4040704
-1140851873
-729219135
-2913025
-1610605232
949157954
1423104
-201338321
-1024393273
456448
201342671
961806377
-1611521
-1526741997
-784859159
3274496
805321483
438829050
-3882753
1543493607
-122159079
4069376
536875492
-460783671
-3731201
-1879046545
811335747
2780928
-67116749
-1065877576
-1619969
-134204041
1207107647
-159489
1426046739
-1051459631
2258688
-671071465
835190808
-3291905
-654327993
-490799104
4415488
-2097139104
87359459
-4498177
-402659872
360710192
4193024
-587203848
-769589314
-2908161
1728060275
950272065
1521408
-1862283305
-1115881528
54016
385891675
1052966953
-1988353
-1258308029
-763101206
3271424
1795177372
415563773
-4079617
2030033083
8650782
4066304
1660948660
-519045172
-3751937
-1275065564
821559360
2624256
-1543512477
-1060831303
-1160961
-822070572
1086521402
-428033
603962540
-1019936811
2185984
-1291827337
833028116
-3504897
822067976
-480837627
4432640
-1879035668
-26738719
-4685825
2097146060
392429620
3973888
-2130707856
-766705729
-2798337
989864088
1062142017
1113856
1023397448
-1153433662
114688
1476410324
1062993961
-2279425
-1660961896
-807403540
3165952
1073755292
365756408
-3921921
150985135
34340899
4173568
4479
-454033460
-3486465
-218100868
789250111
2518016
-50340640
-1021247553
-858881
-1157613049
1108869177
-943105
1677704072
-988020776
2622464
587219052
649854985
-3762177
-1610628336
-351535093
4248320
520104760
-133169189
-4762369
889188291
476774454
3960576
-1459621088
-823132224
-2551809
385884703
1168572485
1281792
-1946170049
-1054277686
731904
-671071536
1083899944
-2367489
1543487115
-758382609
3218176
469775992
372768755
-4160513
-536880116
79888416
4206336
-134213820
-508756024
-3581953
-218099884
851116099
2334464
-1526736060
-1088946245
-576513
2063612047
1114636345
-847873
-1325416085
-980615205
2864896
1879065387
672333836
-3962881
-1275083372
-253296625
4860672
1124084856
-158007336
-4601601
419426388
587989048
4024320
-1325402528
-906166342
-2556673
452995004
1138688066
740096
671073608
-1244856384
655360
-1610595321
966524963
-2332417
-587219773
-732430354
3473152
-134203241
313589746
-3992577
671080211
101384230
4081408
67112383
-565444665
-3350273
452988823
797638718
2207744
-134228057
-1027604543
-491521
855652247
1095958583
-1284097
553630759
-870580256
2853888
1325416788
608894980
-4076545
-1124087816
-219414509
4443136
-1073733088
-157548585
-4697857
1744828384
601555006
3747584
1610608088
-880017478
-2357249
-201315476
1143210054
683776
-1392523805
-1238040638
817152
788545499
982777889
-2756609
419413127
-746848269
4040704
536885747
229965808
-4519681
1090509464
121045031
3954432
1124076044
-581697591
-3431425
-1828711613
935329859
2174720
-1728064469
-1094189117
-336641
1744844947
1040187442
-1408001
1946140095
-902561822
2826240
-352305933
529727489
-3977985
-1006646577
-148176873
4648704
-1627382273
-286457905
-4269057
218102464
683606077
3607552
1426057840
-1001390150
-2238209
1275079992
1146617927
229120
-1593851928
-1085538359
1293312
-1224718868
984612898
-3058433
1409270380
-574881793
4026368
-1828703185
144965611
-4576001
-989863440
225378348
4002560
402653744
-713293889
-3257345
201332524
928972862
1745664
-11273
-1131151423
-47105
1677736663
1075052592
-1683457
-1593852464
-938672157
3373824
453001831
545325054
-3786753
1275057107
-100204517
4630528
-1342169917
-298582064
-3983361
553647844
719519804
2998016
-1610620537
-1043529799
-1963009
1744841795
1103822908
-385025
-1409303085
-1104085043
1566464
603996895
929300508
-3014401
-184564860
-454885372
4280064
1543516700
149749738
-4316161
1476388500
317915182
4313856
1224736319
-714342463
-2962177
-469755876
967245887
1772288
83874571
-1138753599
60160
-1543488481
962527273
-1731585
-788546700
-920322072
3034880
-1895809096
523501568
-3984385
-1191193908
-106430438
4510720
-1879041905
-351993903
-4131841
-1006631756
817365060
3052544
-1929387661
-1057488965
-1464065
452998584
1137115196
-52225
1006615208
-1143668789
2146304
721437676
816316436
-3503105
1627372675
-486014973
4357888
-1023398544
-6553635
-4713217
-1191187913
478150710
4227072
-50333912
-827064387
-3142401
-754967224
1063714884
1584128
1409273560
-1170210876
221184
-2147466188
1109065774
-2054145
83870039
-395051015
1233664
-1694495944
118816764
-1251329
1493167359
-151977988
86784
520094128
-8912900
-781057
2080375131
52953094
8192
2147482280
-97517571
-6913
1946158704
-32178181
-292865
889191779
-28901375
407552
385876883
-47710213
-129793
-117440828
114819079
294656
1677721592
1048574
-43777
1073741356
55508993
-158465
201325452
-88014854
43776
1392509504
-1048579
-37889
-1811940041
-33357824
-145409
-989855921
-21168130
-49921
1543503835
-8388606
-96257
-1543504572
3145730
112384
-469761585
-23265282
16384
134218364
23789568
9216
452985308
37486592
62464
-1476395989
-6553603
-43009
1811938416
28639231
-15105
1929380195
-5505026
57344
989856207
-11468803
-94977
268435519
-30343172
-106497
16776871
-27328512
29440
-1610612424
35586051
-56321
1677721911
8716287
47872
-469762152
18350079
-47105
-2080375024
-16252931
-29441
1476394932
-5570559
-300801
251658423
-28573698
-58113
1275068912
60293122
-168961
134217740
-30932991
-49921
1627389727
-9371649
-108289
-1879048052
-23592961
-7169
-1694498528
44302339
-75777
67110175
8126463
11264
-16777105
5767169
189440
-268435324
-25690113
164608
939523895
-6750210
34816
-134217221
4128769
53248
-1744830629
-34603010
-28417
-67108660
-36372481
28416
-939524028
67829762
29696
-486539064
-6553599
86016
1409286079
-38731778
115712
-553648049
13697023
6144
-1056964913
-10682370
-438017
-922747404
15990782
123904
1426062080
-28508165
-152577
1409285680
-44302339
42752
-1325400120
23920639
71424
939523063
-37224450
273408
-536871952
-32964610
82688
1660945071
-17039361
54272
1811939744
33030145
56064
1929380459
49741826
-174849
1275068944
-39780354
-215809
-939524089
82313220
59136
1493171208
-9699327
-274433
1207959028
17891326
-5889
1073741579
14942209
-24577
-1409286793
-2621439
131072
1191182604
-9371653
159744
1744830876
32047103
-14081
1459618011
-4980737
-231425
620756896
7077888
45824
335544359
-29425664
-126721
1744830783
50331649
-139009
1862271159
-44564485
2816
134216712
22020096
-116481
-620755457
-32243714
-5889
-1191182593
36962303
-48129
-486539081
-30408706
-103169
1073740727
10944515
-135937
1677721703
-14614530
-43777
-83885869
21168129
-93953
-1627389121
28049408
-16385
872415379
-15007744
-10241
-1543504412
14680064
21504
-1006632805
-12845057
174848
-1358954304
32768000
-125697
-603980220
589822
190208
-318767253
-7405568
-180993
-1275068897
102236165
-47873
-352321536
42991622
-106241
-520093821
36634629
18432
1325400123
13303809
-151297
989855879
51314688
-154625
-603980008
13565952
69376
-2013265917
-70254595
104448
1493171780
-5177346
-49153
-1610613020
-7864321
-32769
1358954263
7864319
-161793
-150994924
63373313
200448
1426062767
-32833536
-286465
-2030042744
-17235970
-154369
-50332984
61800449
-156417
1627389632
-35323905
123904
-1929379980
35389441
-112641
1056964696
5570559
-180993
1157627659
-20381698
-113665
-1224736488
-7274498
-24321
-603979992
-37486595
-11009
738197971
-27459586
125696
268435344
-18350081
-101377
-687865185
18874369
-31489
1946156776
-3997696
-132097
1342178319
35848193
167936
2030042439
-25886721
238336
-352320949
-2818049
183040
469762396
21233664
31744
1224736128
74973186
207872
-150994048
22478849
176128
352321328
81723398
-74753
-2147483072
-12779521
-2049
318767819
17760261
-66561
-1677721368
-2818050
182016
-67109232
13959167
-26369
-352320520
-29032452
219904
-1358954241
48758784
68608
-671088705
-58130435
-57345
1342176903
39583748
65536
-822083049
-40108032
9216
150994704
30081026
-197377
-452985164
34340864
34560
1358953632
3997694
-297985
-1795162292
28573696
-65537
-587203388
45809666
-51201
-1191183012
-20381698
45056
-1191182792
21430274
-33537
-318767248
-32243716
168704
-1006633196
25690112
37632
-671088721
5767167
-68609
1476395296
-8978431
-188161
1728053623
17760257
50944
-218103649
-13303810
56320
620756823
-11534336
74752
1342177112
29949951
-112641
-218102988
-18415615
142336
-1073741053
13565954
-304129
1409285703
-17563648
219904
1459617988
17039360
-220929
939524536
-35127299
-164609
-402653292
-42729475
-16129
-805306472
-16842752
-96257
603980084
4259839
-122881
1694497872
-72351747
60416
-1409281320
771424292
-1116929
-1744843496
-515112970
2917120
2130718624
360513526
-3341313
822074440
-13107172
3871744
-352317197
-366149671
-3054593
-1090517716
644808758
2637824
939517455
-859045947
-851713
-469750940
897056814
-91137
-2013280024
-864026660
1868800
2130722360
651362320
-2707457
1140838372
-289669109
3605504
-134207573
28901346
-3843841
-134220569
532414518
3204864
-1275071505
-808976446
-2642689
-335536708
1044381761
1073920
1476380268
-1086586935
531456
2063612847
936312869
-2169601
-184567600
-737345554
3527680
1325414331
343998455
-4029185
-989865637
70975522
4355840
654316107
-408682547
-3553025
385877871
720633915
2269184
-788536804
-1021771839
-1285121
1879060352
1038876723
-609025
469747068
-886046752
2475008
872431215
625147914
-3558145
-251671261
-331874292
3880960
1811947259
-109510695
-4079617
-939527216
539164727
3346432
-603983505
-794755133
-2037505
-1291836068
1162084420
808960
1610598251
-1131610167
1058560
-687847076
977993762
-2316033
687848788
-692518924
3755008
-872400825
273219569
-4359169
1358944335
81199139
4372224
-1224732749
-538443834
-3404545
1006635863
865534017
2205696
1694489451
-1089732673
-1180417
251671684
1108082741
-763905
1761592679
-914030625
2281472
989871672
665255951
-3150849
-1526739809
-252248049
4085760
-822075076
-145227814
-3803905
-1610615557
517734453
3362816
-1660949389
-868417600
-1898241
1275078952
1030225978
317440
1744814420
-1040646197
1374976
-822066109
874512415
-2749185
-805322029
-590544904
3939072
-402639597
224460784
-4721665
1358946932
185860136
4268800
1526727804
-626982974
-3840769
1744835059
922943554
2202368
872406160
-1004798014
-840705
520107943
1040187442
-973569
-1409303661
-954925091
2553600
-1879031993
552861700
-3602433
-67122349
-238813168
4102912
-822075296
-174850088
-3982081
335542651
544210999
3061504
-1409290796
-925368384
-1918721
-1610603296
1059848251
180224
-184563637
-954662955
1486848
-1023393953
920846366
-2714625
1962918992
-566165508
3866624
-2080362477
179568617
-4604929
-1593842993
210960425
4224768
117441291
-710148161
-3113985
-1224731096
884408387
2117376
1358943884
-1137115204
-304129
1056980507
1109327923
-1072129
1207942999
-957546530
2640640
788544984
609222660
-3665921
-654322892
-199294954
4169728
805313823
-163512361
-4201217
285211604
608174137
3034880
-4592
-854261818
-1814273
721431880
1172766785
356352
-939538177
-985858094
1682176
-1627373420
828833819
-2896641
-469777468
-539688962
3902464
1677734071
54525924
-4330497
335537611
290979885
3738368
335544316
-734527553
-3292161
1593841451
915341374
1656832
1426051531
-1141571646
-315393
1660960875
1059258412
-1425409
-872433192
-866058265
3076864
1207976135
596049929
-3737345
1342164636
-156565477
4189952
1476402147
-291504173
-3854081
-536871493
715128893
3055616
687859392
-991363139
-1673985
1325410768
1047527479
67328
1493156836
-1032781872
1607424
-1895809373
740294675
-2936577
1358939272
-467927038
4054784
-1493161696
107020261
-4162305
1073735811
329252912
4067072
-469763088
-750714944
-2978561
-671082128
1043267655
1523456
-939537265
-1141571646
246528
134234132
1119289390
-1582849
-536888592
-880803868
3228416
-1426047149
501481466
-4017153
-402664285
-73400296
4439040
738204007
-373817394
-4016897
-956301025
705691706
2873088
-1191189301
-1028390979
-1574913
-1828704533
1094713401
-64513
1140835744
-1117454383
1484544
251674699
824180757
-3091457
-1342191824
-451411965
4023040
-939513820
75300835
-4140033
872410876
439550007
3972864
-1459619012
-732889150
-2790401
1191190431
978780223
1482496
1694485431
-1062142010
440064
654327339
1016528938
-2368257
-1191199844
-856358937
3225344
-268419864
371261431
-4379649
2013254071
-15532000
4550400
-1358947956
-417071153
-3949569
1593837296
838336576
3041280
939517208
-1073676356
-1229569
-2097139392
1155268666
-288769
-738213153
-999751722
2165504
1929396768
811794450
-2968321
-1409301416
-390135803
4143872
1929389396
49610723
-4302593
754968648
451870770
3510272
-1392511288
-783024192
-2630657
184557347
981925953
970496
402638244
-1161560123
732928
-67091816
1004732459
-2414337
-268452081
-717160466
3808256
-352307396
359202803
-4292609
-805316529
109838371
4737792
939529012
-416284726
-3971841
671091324
891748415
2837248
419421367
-1072103492
-1388545
-603966493
1127481401
-529409
1157611015
-993263656
2076416
-939507264
765722640
-3357441
939510036
-413466614
4008960
-2147472952
-40304672
-4367361
201321992
413138992
3292928
-385878973
-779550781
-2155521
-1476385000
1030422591
1064704
1291831524
-1138688052
875264
1073758255
969605159
-2163457
1962917324
-684654609
3652352
-1543490953
307298291
-4578049
1224726408
21692448
4425472
-1761605205
-502202422
-4049665
2063599848
810483776
2817792
-452993364
-1084227653
-1206017
721435604
1255931967
-486401
-922763204
-1034682409
2335744
2013282987
768868366
-3533569
1358939928
-431751160
3781376
1660954884
-143065124
-4049665
83882735
466550835
3462144
1358951743
-819724351
-2156545
-402644261
982253631
488448
1811925184
-1038614582
876544
-352304577
923271202
-2316289
687849096
-607584263
3697408
-1828701777
248840172
-4637697
956292447
157220902
4173568
-1962932668
-665518142
-3688449
335548812
949420099
2363136
-184559785
-1103888454
-503809
922762563
1184825404
-1081345
-17697
-1021771812
2625536
-16760701
668205068
-3659521
1358940924
-320405491
4088576
-2097143752
-196804651
-4179713
285209199
525336629
3487488
-117444764
-881262658
-2076673
2130716960
1004273721
795392
218089720
-1122697268
1137408
805322827
920584224
-2573057
335528056
-618135561
4037376
-67094833
216072172
-4112385
-1929388057
129237032
4584448
-1543502013
-633274425
-3670785
2130710303
943980614
2403072
-788540728
-1133445188
-414465
-1962917929
1190854712
-1033985
-318784480
-1002635299
2575104
1795178515
665059337
-3694337
-1140865112
-287637487
4418560
-822075573
-266534961
-4379393
1291842447
600506426
3494912
1627385788
-828375102
-1632001
788541155
1121386557
264960
2080357735
-1088618549
1221376
-1073725109
857210907
-3001089
671073048
-532414468
3939328
-1744817709
147849191
-4661249
-671095925
375128117
3952384
-754974088
-687341632
-3451905
452991943
1001848900
1835008
-268446948
-1203699780
-191489
1140866932
1155989558
-1141761
-1191200785
-974389281
3222528
402670684
583991301
-3916545
134202983
-267976685
4414208
1459625076
-228065325
-4481025
-922747880
693895231
3444480
-2063603517
-994574405
-2041857
-134206140
1113849920
311040
603964127
-1069809712
1721088
1392526323
981205022
-2973697
1543487367
-558366719
3854336
-1610600625
93847521
-4401921
-1191188652
377421875
4319232
268435600
-715849789
-3173121
-1962927573
943456321
1395456
2097138064
-1226833987
187392
1459635776
1164443700
-2137089
2097132711
-1028587552
3146496
1795179223
550305790
-4396033
939512404
17301538
5368832
1543511987
-377225265
-4211713
620756888
735772735
3017472
67100084
-1142947914
-1818369
738210487
1261174849
98304
2030026131
-1051656237
1711872
-469743749
995033117
-3090177
335528527
-488374268
4542208
1325412988
151257061
-4470529
150988899
368508978
4147968
-469763629
-826474561
-2723585
-536862716
1110442056
1654784
1946143180
-1161035838
324352
-2013248061
1002438697
-2296577
-1526744621
-845611029
3796992
-738181033
484442110
-4345601
1426052668
-12582883
4291584
1543508036
-563806270
-4290305
-352320237
858718274
2825216
-50339809
-1018626114
-1209089
-1828702985
1174667327
-595713
1224719851
-1038090284
1963008
-687848060
869728276
-3531777
1946141475
-456720377
4110080
-201316169
-262176
-4560897
-268440092
494862389
4052992
-1140852005
-750714943
-2608129
-201318340
988807230
547584
-1728068012
-1125580859
680960
1459635264
1045168170
-2010881
-2063614136
-750977042
3398656
-402637820
359464948
-4432641
-1996499809
47120417
4700928
2063601855
-418054200
-3686145
1996492244
882049088
2547456
-1811948748
-1094123586
-1086465
-2097137772
1197211707
-573185
687848679
-981467178
2096128
251673592
703594510
-3472129
-1207974660
-319553525
4287488
-1275058040
15532004
-3861505
1073737748
488570932
3546112
-788532616
-805044291
-2352129
-402643249
1042546750
986112
-2080386553
-1076625462
937728
1929395564
810221597
-2782209
83869207
-712441872
3706624
-1493158180
271122418
-4164609
-469770425
87031846
4446208
-536868937
-496238651
-3800065
2130709644
850657342
2571008
-1392518121
-1002700862
-920577
536884415
1041956913
-712449
-1660961408
-1027604521
2349056
-1291828969
782499855
-3136257
2013252268
-377815027
4055808
-1543496209
-221970473
-4311041
-1526729025
462356528
3138304
83881891
-785317950
-2104065
1006643832
1005256764
480256
486524383
-1102053431
975616
-1207942425
937164831
-2554625
1157612064
-562298887
3792896
385889152
306774000
-4264961
-1006641973
209911848
4333568
654312395
-587399228
-3363585
-822078129
983302214
2473984
-1325411712
-1152909383
-787201
134231787
1149698103
-683009
-453001765
-926875681
2767872
1140868255
685768715
-3661569
1023396715
-256442353
3854336
-889184337
-157548585
-4029441
1358951980
612106296
3500032
1342173652
-926154820
-2443265
-218094744
1016266809
306176
889178300
-1057751092
938752
-16760233
944242719
-2401025
-268451449
-583991300
3478272
-1342165121
172228587
-4204545
872406783
196083753
4455424
536872516
-581632055
-3200001
-1962928265
948109378
2103296
1879037512
-1083441213
-224257
-822067744
1034682418
-1378305
-1191199572
-936640541
2671616
1006649504
560398340
-4046593
285200091
-195887088
4526080
721429580
-203358247
-4152321
486538064
619118654
3343104
-1006638300
-910950464
-1939457
-2147472872
1119027261
491520
-788543029
-1021050927
1488896
1275084631
936640543
-2819841
-15804
-607125512
3794944
-150982973
124518376
-4346881
956294259
341835822
4130560
1476395035
-650117180
-3116033
-738191836
904331330
1835776
-872426969
-1100415038
-121857
-1946141465
1122959409
-1747969
-1342194124
-841220122
2908928
-1543488560
485294079
-3825409
-1409298576
-74448870
4375552
-2097145657
-311689266
-4120577
2080373060
633536571
3205120
2147477683
-923729987
-1532929
654322012
1051918394
167680
-738211032
-1091239986
1442560
134234139
835387419
-2817025
-1459631973
-573571076
3923712
184561088
86573028
-4384513
1828710939
243204140
3546112
-1023409425
-714604605
-2896897
1526732476
966000705
1303296
687853816
-1055391802
103424
-738182005
993263659
-1886209
-1409302944
-815005721
3555072
-1207944060
541786114
-4124673
-520107029
-58785764
4974592
805312767
-359137328
-4069377
1761606855
750714941
3078912
-335551888
-1024131142
-1547265
-1476383593
1087897659
-47105
956285704
-1120665651
1387264
-872398992
786956310
-3150849
-1275083681
-463273978
3916544
-352310085
161742824
-3987201
-1409291021
429391922
3754752
1543502915
-741802047
-2785025
1543510255
979566654
1100544
1627377536
-1027276855
593664
-889175929
1052180521
-1632257
2013248172
-817102872
2936576
603993196
352124918
-4225025
2013255519
46399519
4426752
-1090513509
-429850674
-3825409
-2147482052
877592641
2868992
1476386172
-1072169030
-1468417
-402641077
1068761145
-192257
268420639
-946077734
2211584
117457695
869466134
-3136513
603964791
-467664893
3870464
-134207804
-42663969
-4448001
1610608015
365101103
3880704
-385877441
-707526715
-2424577
1325408115
944177212
972800
419415584
-1190592574
319488
1124088620
876347426
-2356993
218089376
-600047626
3587840
335559828
419233784
-3814145
1811929783
97517604
3996416
-872413024
-586154043
-3912449
989857356
851181631
2552832
2097144160
-909049913
-651265
-134203908
1066860598
-259841
-1946173188
-1063977004
1741824
-1275053020
661127179
-3418881
-318780996
-338755573
4257536
-1761596840
-2883613
-3706881
-1744833937
416743470
3195904
1207956815
-908787781
-2466561
-1610605753
917176374
705280
-855650957
-940572721
1015808
-1476378940
943718438
-2402305
-453000244
-662110220
3270656
-285201072
196083692
-4464385
285203636
223608873
4096000
1140853988
-515833914
-2802689
-2147478629
959971396
2355968
486528804
-1148715079
-889601
1258303751
1050935344
-1194753
-1476411208
-920846369
2709504
-939506681
832765971
-3613441
1090506055
-301006834
3817216
-1409277420
-248971307
-4554497
-1258293844
515833908
3567616
-134220632
-834666558
-1885953
-352310377
1126367301
981760
1627376183
-1094713397
1037056
-2097136292
739508248
-3049473
-1476412964
-679215117
3747584
-603966205
189792237
-4206593
-738204936
270467117
4537344
-1560279708
-670826557
-3282689
184553531
944767042
1951488
553637075
-1181483080
-656129
-1291830000
1285292094
-762625
-1258308601
-940572703
3203072
-1409267740
622329865
-2588673
2080370443
-105185279
730880
939524460
-57606154
-1052417
-1610614536
-41746432
337920
671088276
-74907652
-24577
671089659
35127294
-729857
1694496020
-89391107
35584
2097151991
-67895304
-705537
1828715156
-1638395
532480
-2013265936
-13828101
-434945
385876292
136052744
-72449
1694495735
-155123722
-119809
-536871228
51118081
-240641
-1258292221
-24313859
-39937
-1140850565
-19595267
-140033
-452985176
-2359297
-103425
1560280076
-25690113
-219905
855639040
50331651
102400
-1761606501
12648446
49152
-402653412
16056318
-254977
989856839
-25755646
76544
419430355
95879176
419584
-1610612837
38731776
180224
1929380111
6094847
347904
1560280984
3473407
147456
-134217296
-17629184
183296
-1744830572
71565317
-56321
1409286300
-10289150
-32513
-1023409548
6029315
-46849
-1073741193
24379395
261888
-536870457
35717119
768
1358954355
64946180
57088
-2030042805
-49217538
-58113
-184549844
42401793
115456
-201326612
-61276163
-38657
-754974701
-7077888
-218113
1073741295
22740994
-103169
-1610613100
84410371
40704
-83885948
-15400961
37888
1962934195
39321599
79872
469762703
26542079
-92929
1073741543
-8388610
48896
822083304
-8912899
-283393
-402653540
-24379397
-1
192
-20709378
-155649
-1459618444
-23855106
-63233
-2130706537
-12124159
50944
-2080374565
49807362
-70401
-721420733
11862015
-68353
1677721803
3735550
50944
-318768068
-196610
-248577
402653779
1048576
87808
-201326841
33488896
-39937
-1392509269
8388609
13056
889191476
-66256899
115712
-1811939457
-35717119
94208
-687865617
65534
27648
-520093888
8388608
179200
-201327129
11206657
51200
-956301041
24117249
-149505
134218268
-39845890
-78849
218103595
24379394
-101377
1258291307
65798146
64512
-654311913
36175874
-116481
1677721199
-5963778
-188161
1073741507
47710208
-39937
-553647424
-45088771
45056
-1962934221
59703297
33792
2097151668
-11010047
-1793
1056964864
-15400962
-155393
-1191183069
-2883585
-21249
-1392509416
34668542
164608
-989856484
6619133
-64257
-2097151613
-51838977
-360449
1409286128
-39518209
-32769
989856708
262143
49152
1962934016
20971521
-16385
-201326356
-18874371
28672
1124074080
-49545217
-12033
-16777208
28377086
181248
1879048352
-31916033
150528
201327360
32243714
13056
-1224736261
-64225282
220928
-2097151780
-21430275
-141057
-335543480
-57868289
-49921
-1677721829
-26673153
-94977
-1560280604
5767165
121856
-1677722249
31719426
145408
-2147482293
38469634
5120
-1728053341
-15532031
-52225
1795162264
-11206658
209664
1476395011
25427972
94976
-268435053
16777217
26624
83885344
11272194
-64257
-922747357
-2097151
199680
285212459
38993921
56064
-1795162281
-16777215
211968
-419430393
24969215
43008
-402653276
6750209
115456
1761606887
17825792
188160
1946156815
-64487425
134144
-1677720997
-20971521
-165633
-872415268
12845057
52224
-1862271136
-49283073
73728
201326484
9699329
8192
-469761981
13107203
-107265
-1224736465
-17039360
81664
-1124073688
41418753
5120
16776711
14155777
4096
-1476395225
61865986
69376
1543502947
23855103
194304
-2080374740
-15728638
-130817
603979624
30670848
208640
-1275067781
-51118085
38912
469761571
-70975491
-129793
-1006633644
-29032452
-60161
1761606815
-4456447
-175873
1610613619
61603843
38656
-1258291305
-85721091
87040
-922746988
100073476
-28673
251659112
92471299
390912
2097151760
58720259
-157441
1811939659
-26673153
172800
-469763057
52625411
-203521
1526728944
-97255433
190464
1929380132
34799618
-186369
-939524049
-55312382
221184
117441067
42729475
-470017
-822083289
-33226755
304896
-50332105
-19922944
-62209
754973672
48496641
-73729
-117441260
22478849
-206849
-1325400801
54984708
-196353
1795163147
-56033285
280320
1224736395
109772804
57088
-201325309
-28508163
280576
2063597912
-43778048
55296
-2147483573
-29294594
172032
822083247
-19595268
70400
-671087920
30867458
188160
-340
65535
-41985
1728053979
54722563
-193281
1358954159
20971520
-32513
1895825016
38797313
-100097
-1476395441
38535166
-83969
-2030042808
17760257
107264
2097150820
-30605313
-99329
-1476394180
-47185923
35840
-1677722292
-21168131
367360
-1946156692
-52625411
-168961
956300283
-9699330
37888
872415172
-85458948
-39937
67108524
19136514
-23553
-1560280244
-25493503
-81665
469761420
-22806527
-135169
1728053724
20643841
-24321
553647376
47448065
-33793
50332124
15728638
-23297
1275068972
23789570
54272
-134218444
24444925
-36865
1694498423
23003136
114688
218103632
-42467330
-87809
402652067
-20512768
61184
-385876708
8912897
249600
-1006633589
7864322
99328
-1946157145
-10420225
-138241
285212159
-48300031
271104
452985204
13959167
-25601
1610612796
1572859
26368
1342176671
-7798785
-64513
-587202617
-33226753
50176
754974511
-41680898
-157697
-1476394716
20709376
-16129
671088551
-42926083
-1793
-1862271961
-64421891
188160
-671088813
-22020095
-17153
-872414336
-23658496
-144385
939524023
-62390274
-147457
1795162195
-28311554
54016
-1996488972
15007742
-149505
1811939220
29360127
-63489
452985327
7667711
-139009
1006633616
20119552
-165889
-889192048
-40108035
-70401
201326439
65536003
210944
-1795162193
-35389444
-211713
553647931
-12845058
67328
-536870832
-12058624
144384
-1627389417
-18087936
177152
-1694498348
-24903681
-253953
1610612852
-49020933
14336
-1610612408
-2621440
34560
-1207959349
16580607
261120
1493171484
-38731780
-139265
1996488900
2621439
2816
-1962933221
524289
-313089
-1291844692
47644674
-14337
1828716456
-6291458
-96257
-1862271717
21495809
-14081
-1392509429
-62652416
133888
-1543504888
25493502
162560
-1392509224
10813437
27392
150994363
28573698
-112641
-1124073548
43515904
-209921
-2147483328
-62062598
204544
-1006632257
-524288
-177921
1476395980
14745599
-46849
989856112
-83820550
-59137
-1157627572
-5046271
399360
201326415
37945346
328448
2147483604
-14942209
-122625
1694497707
98304005
-376577
-1426062645
-87228421
383744
-1728054180
-81461251
-11009
-1224736632
3342336
-195329
1275068619
-99024903
-144129
2063598456
39059456
44800
-1258292156
4980733
211968
1677720848
65470467
-447489
-469761565
-37748740
-431105
251659752
-31653890
121856
-1073741576
-7077886
-439297
-1946155201
-222035980
386048
1291844188
107675653
-788481
1543504963
-119472135
515072
-1342179912
93323269
-516865
1795162436
-23134208
-1025
-1358954448
36372483
271104
-469762357
48955393
-141313
-1929380037
-96993284
460544
956301199
30146560
27648
-1694498084
-30670854
267008
-218103029
40304643
122624
452985055
6488064
281600
-1895824517
-8388608
-123905
-402652776
11993091
188160
-285212461
3604480
44032
1811940355
63111172
274432
1073742384
1507328
59392
587202620
60489730
134912
-1728053485
20447233
-58369
721421023
3407872
-48897
195
15728641
-166657
1610613371
28311551
256000
-1627389704
10223618
-277505
788530228
-34799618
212992
1073740928
-196610
27392
1728053976
38273024
-55297
-1728053561
-35127296
80896
805305280
60293123
56064
-419429933
-13041665
-57345
-2013266573
41615361
-37633
-872414756
-55836673
-56321
-67108273
-3080194
-123905
-553647772
-60489733
-41729
