776877649
-101724113
-79174289
-298755675
5543255
-90608013
301859921
-51431604
-91051217
-47345452
-169267653
-175601444
-20917549
-285679450
182555644
140440827
76746985
-282490905
-73505944
73281711
34672105
-82986505
54276394
198957846
-5536851
-285385119
-307338957
59412811
-138846260
18347162
-88455414
-73399317
152743510
24404829
-60982639
-35226106
-74653450
-98078195
-117623750
-167760504
217586173
93735580
-9696624
-164881118
127253693
-35105691
-36136574
-348409007
223400017
157510819
-73015504
-172850912
-87961890
-5593669
70461456
-104545513
-110163196
262451748
-63225933
-125262830
-179185547
-81287441
72977058
-140315189
-314718726
207879608
261823064
-17175890
-117777685
-125847379
123808308
39636281
-197036630
-302069879
126911174
86621000
6621115
-91355342
-2206141
-70751328
82228732
-75160469
-5156344
35478997
-12599086
128098815
-128562957
2724105
-130355440
-96819552
-110390157
101925451
-24089866
-13960745
-168984528
99516816
56200756
-84159006
-240038529
-128106951
26017342
-9912481
29342734
-159359963
87027340
-61529976
-279349011
-153283682
256745554
-102510046
-105402046
-258929553
-218426968
-110834093
-67721835
-208228044
-52447888
225286001
38316731
-21873485
-182891534
-80478061
-76175815
-75788665
-197747658
173713909
120297832
-136098303
-139715068
176893413
18337362
-122392048
91273618
-145788765
245408969
-185452796
-224019123
-123441189
-114269843
65351548
54617106
-95929558
190670959
124888521
-19367449
-151668284
-45331686
-71543258
-43320202
-152998412
-95844007
283489424
-78034954
-43696292
-408912187
-3196916
41292886
24081975
-80922994
86462579
221198939
104756786
-114261039
-37338509
114871809
-107559573
-171266391
-92514310
195969421
-78918151
-102848994
-259840909
-149500910
114686800
110553657
-97669437
15573103
90498414
56133449
-314927577
3416739
2569060
75336036
198416148
-264096430
216492151
168210876
-190834573
-152415278
199976984
165793479
79744622
-196635711
-8248295
175213549
-40446767
-202558186
-62661730
-125171981
-195550008
-35943263
-241354434
123457489
13068899
-96637970
-275584411
-16547189
123092207
-92762767
-116039796
23348014
205370330
94873080
-50214069
-129295572
145896737
59386084
-136720915
-222147245
72921116
-7973516
-36548862
-361981192
-50380805
16304408
45313991
-177202399
-16184562
148251934
109943984
-96765189
-10256613
78788748
-182836770
-35798271
-188611544
-113915298
174150937
243152567
-247492755
-105356714
69288634
-64849649
40250630
125144487
281478099
-90252463
-185243665
-163749151
25512039
-111178020
2055318
-167032395
52283076
145090141
73407024
-199909800
84830139
-81172811
41257018
44314995
69849750
351252019
38866298
-121279399
-121574056
110839499
-166363651
-177714481
-13769892
233288538
149018068
157649999
-351793306
-200035155
5143186
-35128822
9555437
-82458512
46286689
-147567641
81507067
-36956106
72738638
-10688558
36293652
-286195544
10830093
250845700
76268891
-124991203
-195667607
14720324
-3316887
-153560767
24835632
215524797
57363527
-73715969
-351620106
127292990
84000111
-29492397
-129880424
4640258
222112515
64713364
-299649592
25254701
-161241578
-156586512
-20295195
-148524954
51306665
17357815
-158276558
-253737312
236885888
10056146
51979617
-322846391
-15644577
18549055
-148086773
-20243261
-175986891
-5139726
112371589
7674034
-302533959
144242362
24350819
-241952115
-198890962
99350018
156478549
-126918260
-209767531
57981613
225710727
-65864261
-182724500
-139989005
205310195
223924561
49669238
-110827252
-35883714
170328057
-118444366
-391911969
-128725100
-32241236
223726394
-112111283
33869502
109614283
-47504833
-83946646
-63350462
66444125
250374469
-63521409
-181246163
-67019184
-64124763
5604563
-252807107
-172008615
118043571
31025364
-84504197
-78099748
61578707
-24165657
-154842843
-152640812
-48001650
-70618137
-161449417
-270044497
243643199
410900175
-11035607
-149813677
-133840234
-217117795
63005755
-62853308
-224686465
289111141
118040737
-90944571
-67453268
-79461057
219377310
-69787558
-263067251
-7088342
300106278
-129378522
-72835264
-86701238
80635729
153916544
-151798957
17532192
167630753
-25600901
3646958
-86786169
99053490
-20778056
-30580761
-188711150
59139970
145507074
127032891
-129457867
-103617811
-80422356
-29548370
-194603338
-255548528
167514171
37732404
5112516
-44997411
70441406
-122791634
34227433
-133656698
-9257695
93584707
-50728081
-244647529
-205373809
42219662
41239461
-88476862
-193959699
123915950
92894110
-82400687
-239800520
-68572291
-102013914
2648781
-424410237
-171933182
275318327
675760
-247875282
-12476420
-66774896
-41279423
3742661
-150897526
92254018
120801742
-69738443
-207551869
38175508
-85743150
-31869591
-118462447
-59064887
234931571
107301146
-99170399
28923932
131160521
162659358
-134988743
-372725613
202963195
105417680
-159809383
-133436919
-45058018
-91610787
125490009
-179873619
-158103133
303107778
-212392752
-34218714
-74286898
115804384
-89865307
121504828
-149235362
157867812
126324030
-105553915
-241000480
-127430017
-35185234
18285375
-110013742
32477655
280055546
118165887
-105408891
85437262
-40737422
-5556110
-46738768
-88186613
175458418
200012410
-37621377
-192931494
-109197112
-13665153
145897439
-105030388
-159052833
150843458
137314540
-60339379
-245369974
12984809
-20997712
-203025346
-225477150
91837911
242352400
124130903
-116437537
29730569
-45016913
-100154040
-157283926
-73486382
359262238
170434607
-245537349
-177219287
-15876205
22783713
196596594
-64968611
56211356
157224903
-97978985
-55203984
-44588016
26397905
218767597
-121606105
-95121343
327543026
-26040577
-62690967
-96244330
-12153080
27185996
14717922
-160825698
-74312754
158788553
-17898460
-175851946
58971330
141070150
85158615
-149823549
-156287689
104671239
31448456
3274484
-303650444
23027653
-262337426
21403984
-73475709
-139291268
372629999
39959535
-274336299
-166521649
-1581842
-2035698
39745750
-242428064
195768158
-2500751
-155334618
-83758323
63935410
178938788
312439209
-89414015
-38262850
89860673
73773146
-222233680
6114597
107237370
59067882
128465711
-184068010
134859873
195061390
1809954
-349390956
-166161506
-39417108
-78737926
-195694573
-129134038
345060108
374538394
-70994244
-211102986
142102214
-94098586
-46102224
-32345279
242633283
-5768387
-112774593
-133518900
-98874519
109741108
-112305628
-16268164
-53528091
172137725
-14486553
-71819222
-161669904
234700
52318815
-103670442
-328741634
156094568
273090656
85995126
-219777551
22620294
-23736274
244925193
90480618
-215346030
239018419
161584629
-117547211
-310215969
43915182
-177872414
53499787
-221400547
124222349
101263311
61018201
-293129027
4695852
127342799
-59004472
-96368141
-8237804
312180926
-57621334
-235063928
-241813541
98053059
14529969
-43298990
-185537085
-34464182
177794625
-81967384
-72367509
-186124487
-164018474
118307940
-162416376
-33258122
377371519
-105644637
-294257724
-191145081
-85215361
59879133
56164862
-117962531
-135018693
-19616792
105426975
-281311036
-125530665
1112657
170120690
-37190218
-220631296
384513513
-29379035
-38421681
-101813429
10784355
161300718
130093537
-320697646
108263974
247774369
-56507502
-48207786
-125556755
88844383
80354102
162618542
-178466843
48229686
-15614059
-94638956
-156011088
-65982085
-127877421
-11950949
-25939071
-51577841
132322405
11523761
-237700881
-162774098
60711116
-56579579
156731853
-105310966
196970253
158447437
-72205493
-261964057
24295713
-175555664
165511906
-134820737
-46614970
-28610739
-170465550
-193294960
-259185124
-65706585
-110105667
52931226
-164998679
28557150
85369986
-32006830
-238772535
-32426829
-77285727
-20053768
-159784775
-74452317
126747258
-7805046
-97709195
-151170231
-44496866
-176311475
32457971
-111017084
-32814836
59983842
-95167351
-142863759
75675181
95344900
147901673
34671634
55379273
77926607
8480143
4844967
-170069414
-137345962
203090714
-64878418
-160291837
42397088
167400286
57028390
-185590173
-186976531
-73364411
113248700
-213221418
-279443603
334511583
-26479206
-108064035
-306727491
-99483907
-220218535
105712740
-197693048
-57738633
229360464
122603565
-240546500
-187533043
-179529220
25609759
-19704496
-127078925
284076136
105329460
11092414
-273199577
-131883355
96709222
-56887822
-164749061
97248634
-47651932
-111440534
-92451821
-375634426
85158872
35941896
48876724
-68625370
316619479
114830995
-198283260
-214609302
-8241740
-148352534
-50735597
-254730964
-21681647
264324691
-89947122
-309074310
-189765027
129354525
-85522572
-11737851
-155858564
163920358
79388653
-216172840
-275659101
19103489
-32516975
27492013
-18897922
-52403595
202211830
21536537
57755721
-127505059
-72777496
127311125
126142285
-249463178
130546228
87498136
36622369
-325264073
-42927054
-15576611
96818806
-51641588
-67453160
126584861
-114777385
-195796656
-124571112
-167536135
101193218
-146675065
-125956761
1286592
-20996661
58668746
-311260957
128344760
139409024
152158810
-95800772
-110507851
179495913
-133311583
-88419850
-55656691
-4866646
-7782188
-147148766
-183371364
184374971
129464336
28573780
-50281730
-21794224
-91207899
-52124487
57555690
-30799863
236096678
110725678
35570976
-221812248
-35189726
36584538
-47257976
-367502570
47924012
112894367
-120131066
-256879458
-198238191
-61055531
-35843660
-265164887
-166604339
197369515
-771203
-29160094
-89266293
-127428052
-70290462
125928596
-338323990
-39709274
214472885
-4266767
-80581657
13761157
-82800376
44206434
-52847567
-47287238
265690479
153097678
-153097918
-231241976
26019494
46529434
22694898
-200872107
188837650
196776819
-108784262
-238264841
-276560639
87847732
144960540
-3775987
-256081583
222772085
36911673
-128170330
-108781167
-16441622
16538767
251082012
-339797793
-25125734
161379763
5920277
-281470176
-267363539
-73722161
34653344
52145499
-245184994
222259731
103726004
39350300
-164840202
-104928014
10170934
61686916
-246129683
-52478398
252258335
-18980917
-415903857
-121388338
60526734
-273508336
-111796284
-268378764
141384697
127512654
-25254385
-271882836
37728168
-268074973
72174338
-85266722
-119906514
266997683
-100417179
-220957130
-95430500
171690161
172691338
43089767
-318760558
200134886
406668328
-249007535
-318262776
56021609
-200860658
93481696
-53996577
-130179331
219846685
15208190
-137649950
-297783279
-180451592
-108369886
-102569282
-158328472
246094686
97268145
-1081176
-125038735
-72574793
-134952778
33058497
-6571177
35605384
305852085
239211277
-52795654
-306160391
-183169023
105229852
13381559
-238058391
28503313
-85544193
-7033020
-349389651
36473991
63020836
-71199871
-125243397
-80509219
164544157
153976621
-86364577
-349640609
-40900998
248932481
76254949
-142010279
-48176374
9435522
24438548
-182430231
-270647432
111881368
-50529670
-70953391
-18099499
208421024
31504
-101758168
-177786211
96690054
-97478011
-10585784
-288181548
121449454
-27175342
-102531390
-88355366
-256263617
24324034
-73158132
-237834209
-158279823
216829026
145648330
-124864642
-264177212
-201731255
-154923304
-120107648
-199766725
-49849182
164193329
152305966
-245086906
-190395159
54147168
62078610
168936332
-283387296
208865874
152237638
42421060
-85766423
94008684
-49362782
-5267558
113830660
-52757666
121310470
78800652
-49569641
-40118848
-136129138
2341096
15583678
-228480476
117789439
186699346
-66981820
-242351275
89498777
33219249
83246157
-270163359
-84500067
358667126
20994169
-155411147
-270179202
-105788362
-164483562
-117984270
-410925904
201304502
215351534
-161604021
-334796086
-166846028
-190622690
-93264190
-33546474
-101342669
161699692
181356801
-115061687
-59477764
-38376885
16886534
-24273136
-171800277
79458480
-45257078
-80766313
-171905311
-162441421
18550340
31909375
-241490335
-136208531
121066425
-142605036
-39771205
-31563538
41836106
146878879
-15039420
-112421166
21295244
206595069
62003035
-360190270
-67548720
-116940728
114594516
-100922014
-358574062
230191093
107365570
-149748759
-176224962
10395125
132366147
40531828
-145573022
108550236
309765060
113073381
-3646260
103066353
38352769
43971989
-41185197
-165657041
317256848
-102504989
-99916638
-169831818
49667711
73172832
-63098442
-37434769
-119010289
135635565
-200184017
-243115419
-60161146
-156968568
-152496073
-15220243
-237441887
290066091
174032290
-72276960
-255274751
-36130685
-32814174
-72987100
-190469595
4311358
99966135
115104964
-346462031
-124787321
51050650
-58858252
-60306289
-190619870
254944094
114030125
-23845554
-222598354
-215291587
42306221
77627649
-199921940
27614058
303315426
43104866
-322141234
-136360065
-11836185
98952517
63443642
-162727239
142423109
48038422
-84174586
-193918157
-4867707
-166880494
34230057
66253687
-17426696
204913498
-44307196
-264566139
3475437
205481030
-147071687
-641136
-73471567
284780409
-16496942
-221312045
-138434151
-57430656
4695900
-28558633
-181627905
-26764222
249501149
-376284664
-131175396
-160065322
9953954
71243215
-27303303
-114128643
142193639
232748586
115576910
-232109152
-23424334
-164963269
-184820761
-198126853
94030578
225750500
146881190
2247157
-317218357
-135000769
-130852323
-263014438
-76452270
261754530
173378216
-219545507
-261651118
20255151
15937508
61830550
-160603205
-265510468
299386294
60267770
-276121241
-163187921
-74596754
-88836397
-135706214
-168266243
75881463
241864123
48894495
-174112073
-203809675
-161208993
-47777185
-8045889
-123266373
219587541
-39802814
-107960247
-240469758
47567414
-91307032
-77184609
-267553001
214618993
204665493
-163910531
-99572030
-17851687
66175015
-298087198
-14192840
-166871610
265900795
45807446
-25965094
-101395253
-107958308
135284769
19923870
-202413490
-144700915
277327742
63740569
-221459956
-182448020
1798970
126823982
-40064570
-172183672
245256850
254443577
-161797746
-94435814
14331666
-61137302
78540045
-164368272
-1299789
113930348
32529065
-249013238
-244897539
-142125045
-18611028
-3855440
-266222205
223555328
316090312
-138085651
-286281589
-160050834
80390772
144552841
-195442747
-33634926
188191338
-12971609
-95945633
-282527246
-104508667
119946971
-128353894
-219778364
330600882
23398397
-103444873
-46349187
37049429
-47954149
-95054133
-95361634
-144180276
226173763
43348783
-122531831
-167053561
-166837561
69378258
66781574
-129118384
153247533
324936836
-101574434
-213965285
121185090
3284610
-130682008
-65595135
-164662822
155609846
-159545055
-110592187
-166898912
59974706
95612814
84849074
-204353291
107592644
237141545
1832704
-74475429
-67003164
71121164
193118233
-76066034
-106996749
191706063
90385520
-128901049
-168293840
222564026
-229702275
167235330
-306930382
-73043975
81596922
-144501457
-205856743
-25122741
50736724
-128003428
49361335
-150555950
225684312
282871290
21822648
-194502279
-20835201
160036419
90230504
-284943959
32825435
369425895
-249468125
-71152255
-74952355
24581328
84865934
61321689
-9127807
186869532
-34910747
-121627355
-367256274
59305452
-202430511
-116777124
-106305473
-51919582
256561337
78082272
-54527145
-216366649
6090689
-121876984
17473462
-20203442
51680886
176307171
229719405
-36520491
70874615
-85698724
1112485
-79767495
-252151030
148575788
112292563
-187154167
-43693414
19353849
-95255521
-110077383
-112899669
173751277
154762438
78526675
-351342413
-21496946
-48347295
148875116
-31341257
-322381678
118297790
-101329809
-287145650
-108463275
-123447313
-73668122
145659708
-232679330
226673377
197627723
-81669475
-60898308
-45910181
102207989
-28595271
-212706560
35921000
188277724
63732902
-56774939
-67342346
-53398875
-75921898
98550616
-221763396
205408416
149849644
-83235378
-234934388
1130429
6657985
-34667936
-61133703
-140340307
161239007
-52535064
-44869328
-298605624
-121419085
71421125
73497681
-210529311
78059832
86734240
-13726784
-211302273
-152563349
-12648127
-234306253
-317074216
69221568
126998672
-31965579
-74174055
-253063387
35264640
-87654022
308303633
-175850225
-125551418
60021534
-19596967
-214528379
-245277505
10046056
56184004
-110476254
-54835864
205672553
53319083
-149908753
-369659469
-1532354
-251272614
-53052408
-217240514
71051739
125858439
-62852786
-207654235
-25726901
-65403121
-169677086
-49680524
-65552339
69139075
10211591
-88291899
-361991061
1922279
-150596678
-181212640
-234353941
-83414605
219061725
36492727
-265197229
-352982991
146742453
65740619
-116089084
-354758792
279945538
216333173
-13878276
-190349471
-133244732
32891673
13652901
-96874462
13800664
301651013
-25911291
-121563696
-85168766
108620091
42531736
-134823777
-162303395
209830137
119212837
1383012
-274345094
-82487118
7221905
-63899013
-123074983
-213955499
63496257
-46632937
-25255344
-179321665
91196754
170019591
-181050121
-198580173
72713063
-64221706
-47115978
-240751134
8240094
66476285
39614821
-151015275
-73425028
253397038
90599377
-178895686
-273111456
51735901
234219439
-18713031
-268315248
100834615
-21653946
72533442
-182545906
76736554
-51220985
-72882386
-63405167
-222000599
149749066
-46935924
-199111132
-180995332
36360199
-102731555
-49322543
-188156190
695081
66852191
-34717738
-101275973
36810078
189836681
24579242
-3287681
-291714939
214002044
-131971422
-51660889
-392426460
-101942374
135131913
-167777970
-138435088
-162889375
55905989
-15198251
-231142561
-256512854
-253182694
-117430262
-418256569
-212200827
163297665
-17241583
-105400066
-317689274
-116695447
-140190667
-53341354
-280397555
-120795253
215881472
-15734865
-148919083
-109928816
-125419850
-19063002
-197017513
-261966657
123097387
71026405
-174129962
-226245408
-14916850
70768018
-148276680
-266491905
-140906819
214862415
28007952
-190116205
-38083989
-104438660
-71177718
-76275657
-81218638
135431553
157304735
-11989021
-260069884
60778670
-195313674
-26699885
-54536746
12175205
355671928
164173188
-173319395
-162687332
80397134
-13861920
124496366
-249596294
63189584
265138962
-4226987
-134769383
-58318699
-131537341
131690292
-235419252
62189205
271052275
88632427
-253983200
-33368837
3484803
-39044987
41294386
-172748497
138317318
63657783
-83770512
-195139026
-121479440
-110249460
-26551525
-41569249
-101016162
185629529
111801260
-158814966
-120779008
45787867
-119931503
46076027
-336841075
121388033
143979655
91835266
-110994961
-265104941
-21261345
67280426
-82253633
117565688
157008376
73043905
-79865547
-201323597
204666891
136560676
-12735122
-128715449
-21373301
279960222
-52835775
-78560792
-99897304
-227779466
15097634
-107243671
-290790603
195063257
-18777942
-115453894
-215927507
91818740
-128091038
17960862
-184990767
41158989
122674447
-81015102
-124593618
31873136
-129833289
95648268
-142241165
-237315754
149617784
159415762
57469380
-237468423
-76185286
145417969
50532309
-128607266
-15226721
173188985
32873934
-125689719
-281183477
-51078311
-100311443
-212770419
-257873026
248736614
217630164
57070190
-120755314
103889149
-116910934
-60731440
-122462309
-28823769
244468312
16801172
-90151126
-71719841
-39136024
-83566853
-99427903
-161868291
141006016
90151121
-197602978
-242524605
26872596
81539116
62424613
-78851531
92598829
243080603
102656609
-198554579
-288010524
-43344339
55741988
-144009997
-288499233
125049517
41948501
41622072
-268051798
17882647
-179000081
-128992640
154007415
65538083
94108417
3354058
-58420549
-321105144
34184136
-33779736
143875121
-295139827
192429131
220141939
-88253868
-120417442
-76613998
27145108
178325718
-98973844
-140247296
214931246
-36799888
-183553972
-193921591
-112139766
88502544
146733831
-303360655
58147656
278558939
57522833
-243344056
-4602254
-10571791
-105574797
-93703352
-354761827
154165411
166949951
-243118850
-152111663
-16977558
90475100
-6313274
-265715145
122670156
139493529
-8226534
-358189720
30587110
27948016
-40442040
-36698685
-150886037
246343231
279978467
-96007246
-242394491
-118993426
52020975
174196874
-394652812
99505778
212649478
-74812775
-253691495
-147856355
165074486
-41821230
-70662549
-171667296
175462643
-83709591
23785947
-78628880
60098033
-57220013
107260299
-237926933
-97426731
173814710
54106836
20601097
-58701126
-37713640
51962699
-2424417
-188478447
389512848
291054912
-258599721
-322705319
-108673852
30965827
61343765
-314464468
-48281810
163498832
-156664660
-22069471
-370474213
-11171552
77515875
-22639301
-233111143
113465516
210029887
-128145283
-254733319
-109621897
-35768080
217079457
-118149982
-79630165
272740036
-171984838
-283023626
-330578754
-26487605
-55315155
-34326003
-325119706
-8087737
23628073
36071406
-298706750
-132942847
62936053
119759349
-255782513
-41688823
214599857
49710306
-199055700
-170934013
226696852
21544915
25855844
-186937387
159085964
84514956
50920242
-184502417
33910211
86211032
7119413
-30223730
-177336127
52940757
78092141
-240062818
-267206875
-252422631
42196172
-207610127
-334030598
116749697
128350945
35918206
-283494266
-54829845
-67228467
88808754
-32395722
148262997
265767964
140236628
-202515709
-234771325
8057558
-189803849
147846259
-216003784
343081039
73652790
-265243147
-156178501
-118855362
28252984
-36734996
-86011770
-222946300
289644319
-13792907
-197648145
-89062429
6287107
-147271433
138207887
-173087685
66347387
219294788
22660850
-125908748
141761588
-18969323
-230315390
-196911179
-272465202
236755298
49239289
-110261381
-192090864
9232324
-40960814
-57142740
-220770901
80469476
268322919
67672512
-225455574
-142713527
106043179
125051563
-246691455
-269555096
-37615143
-160121067
-28381961
-287348688
-114203243
-100525210
17516282
-242900228
-146336060
127147067
-41997830
-320495178
-224100355
93373104
-168013187
8910991
-417078397
84052504
305721318
7526612
-110747894
16767171
46684895
16331402
-373838443
-40785614
376065678
133130367
-73579296
-214525212
-18262126
29928473
103334352
-283413002
116293819
30324314
-126491192
-271475582
-151207227
198000642
12393726
-177741575
-5129322
243624168
36998051
-236886888
-131080147
-46404571
-48034867
42273027
-383737351
88362675
81267602
-70725471
-406371107
-272431303
-110258270
-205108653
-183593281
-224018427
110598928
-57988261
-49906584
-85696117
-60940062
-177801378
74701458
-290191974
129600729
220886791
-127423413
-333084216
-161908987
-43735927
235207653
73591822
-210967294
220490291
-38507138
-105449615
-200007384
75086449
-22780493
10721937
-289711889
48971042
111657466
52579947
-135420603
-241080500
-45716029
-53685794
-145619520
-386051760
97718956
-27120334
11664413
40738439
-23251759
-59777641
19258633
-181744610
112896173
116687825
-155376158
-128942639
-231442977
29806275
60199752
-45212450
-182659512
287662154
-82687528
-131363494
-102854025
-34196733
159497535
169663240
-64328337
136779539
257577482
-123253046
-69082668
-94170813
-69195420
437198
783000
-156867700
139667682
19822925
27315112
-257208311
-140016269
-278245387
18198392
-266145345
-130219825
303811332
125786258
-296919770
-64322920
-90358049
-198144128
-94167264
-226293690
107581654
116994238
35260926
-127754810
3772206
-74393347
70158735
-151570242
96451646
256593637
-185131372
56708680
55931726
-45222492
-31209089
76106395
-67109381
114962518
18339092
-48929026
-270888100
83172335
-92247298
-113324677
-61771189
-101830829
345376414
110123526
-227118124
-48683282
-122589435
187934373
33442661
-287088570
32251022
7163656
36771597
-175252753
35678138
139584097
535263
-158603053
-56846915
130158210
83245983
-98401090
-216937614
-42729584
110223536
53714133
-163341802
75163460
43101797
-26644065
-347439154
-115304232
152544329
-7986612
-125500337
-145112549
351373577
-19182540
165307
-298701767
66195628
-68602029
-133994316
-305949508
132168597
98535822
10109103
-28203849
-132935698
66663592
117035473
-189124315
40281050
74175418
-84533403
-78264397
-253775012
160710291
-1565001
-71815421
-144191257
197553886
231584871
-138217957
-199564092
-4707622
175491192
105341940
64116929
-234132433
240132667
81802586
-215236808
-152693102
-112761059
-80956100
65125595
-203748846
-214085892
52353655
-20018584
-315891628
-167708829
11646356
242565138
104093429
-175847072
235805836
148572432
34461299
-266461515
-188975146
67988979
63605772
-255204818
-137930728
184019532
-27756400
-126639892
-61334820
-75813701
-239265076
64397884
-231747025
137330454
97089611
94411048
-142760915
102191419
-181369500
12959755
-101151762
-98870808
150099525
33289653
-37987538
-129151735
-123252295
-55147746
39939872
-91752365
157600828
-21724611
211806067
-137423987
-268384471
20413782
164833743
-129186396
-57640689
284457406
-260117424
-73200759
-70743843
-9793808
198440217
-90982829
-351739276
48332093
123786984
-115726710
-127117575
48959267
24258655
70276699
-201889930
-29308976
230377640
128817373
-6479837
-244693380
58058390
61304799
82279019
-155153780
110037012
156704328
61234261
-220315097
-90608659
16196821
8097058
36605768
-245105391
185958631
38941854
-74187067
-199316885
2836028
33383457
96827108
-169535580
225059087
385828801
-2384515
-274140657
-45187894
-99794548
217798834
-34957400
-367222680
142108820
135811894
33766107
-264924026
-165435574
102547342
-71589890
-236119244
-56324209
344974445
49907823
-98290140
-236482007
-238214170
34112825
-142202904
-41631046
352034862
34740519
-1222504
-72305621
-86313138
69718354
77111710
-433626497
78265481
-10193053
-134404964
-190478873
-34639257
69035607
8379063
-165565153
-14490779
243335469
91757802
5070635
-160620375
-151503337
-116135763
-78409027
-364136764
-280094126
-17882937
56275282
-187205665
-199034444
26132451
7497250
-211460042
-124469743
54091954
77867243
12919152
-417387194
-161891801
76114732
-21817841
-197974400
4417044
141015736
98396916
-262304538
-54075425
-174492009
156134651
120033755
-258811207
176547274
142112441
12619796
-158482920
48825811
-16935952
31003004
-114755982
-148696070
170853702
93002474
52151193
-161258878
33381439
-78565920
-126514551
-165774926
108814045
215742870
-24187551
-196682999
-20346973
83377844
-58603793
-259357388
-3717076
267656007
173339533
-40023714
-227555129
-169038057
7744240
93991507
-184185099
-28142712
34651121
124402164
-54198214
-47792632
46927326
-117213940
-103765061
-150412423
124886271
-140101686
-26718220
-397551012
-36304498
82272006
249033592
-150134408
91941817
231171736
113118429
-282505790
-214647006
-16828071
-119319754
-39112029
-186702125
78075253
34586989
-51940981
-58978764
147019124
-14824957
127374156
-195987907
-100908272
73418468
-20524182
-175304091
-115203382
126235062
57580042
-187522203
-207234852
294159083
90924926
-196293850
-212463798
18426885
-85520971
-79035946
-202133056
110625300
67296334
183951351
-57095006
-36121834
-26883304
-65283028
61036056
-105314547
172168502
68828460
-208019877
-377426639
-3152734
21553621
6632941
-80381295
117452617
194536767
64348426
-291189044
-208695040
-186649001
-24348722
5184503
-104552706
319239020
-28646518
-146027802
-264034176
-48150927
-4413754
104866066
-176018648
4110016
318655429
-23545099
-4884802
-123964892
161964347
-226512785
168737990
-112492672
181847989
44070316
-182190191
-245037744
73137251
-135146791
-50279956
24928401
-99538220
182448602
129700944
-89204689
-241786567
-78726022
-200542308
80138184
-82061514
163492261
120103736
-261640780
-145720543
99742160
13519128
-25889952
-156876657
-178069069
209527247
-114109193
-140780944
-365979308
-152968152
-133621517
123028905
-103932752
190589817
149907787
-88339066
-312892400
-243433551
6908195
-9165815
-193305739
-184516670
150159564
-108379414
-190601730
-229039809
-125763760
167050476
-66905815
-253974051
97654104
63297244
-107452459
-224079798
-93310588
46822758
101725966
-100766588
-145067392
147997538
-49075685
-59501509
-174464550
-58485737
-204825452
-68994584
-102700080
66633141
127604545
-78193943
-151170711
-219151244
-113883225
-52815565
-164330295
-202226077
151975395
357201929
104875188
-245243415
16543823
-168780365
-42799661
-136050376
-221449569
203190926
33164514
-229494138
23707761
-35638324
107428328
-66879450
-226099499
256669802
82853601
-105466157
-234072839
60284416
-207827052
102630070
-208840624
-79592137
317106723
-39070060
-402862248
-254709457
-97925301
87135345
86969479
-246487324
85311110
5052659
94657519
-361470945
-20320928
-222444753
68090510
-272747785
-68917528
423020664
161853408
-174728088
-72369900
-177307905
-24466176
-14456851
-326149254
48143126
268627852
178491990
-125452177
11384980
247144707
118398110
-153278576
-340443845
162478224
25022418
-196229641
-298755795
-128856059
-18093730
77811926
-201756937
184694579
83878952
-49891839
44063088
-41311530
-106010586
10934014
-203154146
-145487848
241829163
61268967
-142584905
-121049567
-48919147
-173919787
126366714
-251464755
670092
181361104
69784434
-317733250
-29753437
-77295837
-25947419
-125368741
-168275992
251132919
43134724
-164059992
-241389814
43263222
141921106
-51376089
-270629522
239812812
284779207
-89767064
-157938809
-10059993
90423346
29758690
-39320730
-182926153
230057214
-116413970
-172019915
-170352013
-49670097
-60681466
60584011
-172578845
44228314
276791159
4609647
-174952108
-199611486
19845328
-81621853
-176376846
-258384447
259804805
-56092514
-86439985
-31613143
105520606
94660662
187081961
-257417449
-57987040
104423675
-228941647
-157946692
-273612437
67232765
77911872
-266979337
-171761917
239892213
27730086
-207390916
-196226268
-145766741
-166941242
-26825060
-181576765
6192129
375821462
51154904
-32857414
-22408920
-19478533
-184559295
-98949218
-130269835
121579257
147488747
-113724319
-311580594
53762467
9163058
-178936123
-58353481
-188832933
45730536
-186310675
-86578068
-138687262
-96780895
-274215550
-28091743
-240028442
49756821
223893529
-122720391
-195048604
-27932620
5622857
-13959365
-179621751
-63608982
246954718
-162838861
-1939417
10834296
3993287
-76111411
-56211959
20060950
-1914837
275762636
168649313
-252351949
-361663402
-44007678
227526094
-11371260
18920769
342260684
61590506
-158454656
-290092428
66580778
208189230
-136064963
-166299508
140071202
163947700
-142133454
-139371431
-174888957
-45193430
-196360824
-174768284
-192389746
-77678351
75230695
-41356302
-139265467
-5993355
-24756208
64755675
-286796951
95817800
175073976
-93151073
-270649800
26194126
-32791823
125583071
34771176
-188348750
167721387
-125835658
-253081467
16548233
62075048
108178907
24371664
-288552908
19104638
120508033
-55115651
-160226388
-20713680
32970125
39641913
-348395199
-225077396
201091304
74951383
-88068480
-340160603
-27221770
-142866462
68906316
-295354060
-164574
145212712
47575929
-247046092
-100052934
-76798662
-209478829
-5853420
-136827476
256058276
94825807
-121353567
-276357494
23865999
8139191
-120569317
-133362307
-11146491
360665759
-104872042
-88887436
-215467498
-132703769
-16724459
-6037344
-108417381
254490423
110947381
-92438484
-283527320
-40011214
-123331888
9725371
-44068662
123752566
277391563
-39060632
-12401270
-40790535
-135540120
-74307668
204964536
-292789748
167015322
112020986
209377050
-235670880
-77735909
-19718744
183233827
-25864316
13121596
359825396
-42814761
-165892034
-174531666
-2417686
-155811576
72935727
-244773475
214996950
118440181
-38131995
-313315844
-224704068
-75051555
-106530947
-94658225
39897891
326262719
-13499970
-152744617
-193309552
23628914
-108196347
68393275
-217548009
-61949409
225162043
144905401
-363395230
-146029108
25420303
19066485
-11758301
-8942240
235852136
153061133
-149170668
-273391950
-119662584
106353502
97231741
-233992305
174386999
17017529
-148306400
-178255144
-185664612
5389106
61671668
51227009
-231701121
293725735
324134511
-77659236
-101239481
77661637
-95886340
52214804
-238509509
-23708728
184272708
-147214378
-358551527
-51709412
-243449724
39114520
-13772490
-331220197
404352624
108270410
-114741805
-236139236
55063728
-100490148
120470869
-129567221
-33810840
209044253
-82910516
-175425234
-85350513
-106477013
168925698
19700079
-275510488
176196542
99976044
42362422
-287092841
74817816
-167836485
-8846958
-182977620
-169232077
109093769
-179058144
-146408988
-87679312
-104410018
960513
-313169157
-241075505
29858437
168246750
-148633076
-247621240
4774728
1460153
-36824588
-266072052
-31867795
369441348
-50788092
-117355859
-86163532
-261447180
187689520
63327834
-317440597
193831065
118927782
99560681
-149385905
-382781839
99598580
-99936567
-1663399
38358008
211984417
37776819
-134127669
-50030100
-79205235
-155930596
-19288176
-379127130
105031020
169288848
-32641187
-74175156
39457077
-192721086
-166677768
-258639223
-39368366
301206412
58455952
25454895
-58519024
-42972061
19960861
-84167545
-371933485
141689128
284287437
-144015283
-144299428
-183008975
40060526
-84398920
-169154046
-169095569
336867698
-47571179
-271486361
-103982082
-20392575
2245834
108635915
-294155458
-36387088
52033252
48785064
-283199612
-173862828
-29425431
-113970967
-152929994
-301037734
241079209
42516633
-283223119
-232652770
47041921
-65726767
-19888360
-135390315
43062780
210820869
-34816861
-252095193
-31518958
102177609
62125901
-164020285
-125719939
280615544
77903698
-143172101
-256908047
-41627397
-53176958
50796460
-239105041
-71545109
288648053
-85016780
-330706620
-38823092
-133547693
194182187
33982201
-192482572
215554120
127642370
-167188511
-229532732
7463554
-169964575
97432381
-132729971
-73158550
73981007
189786237
-78050126
-285781006
7970791
-70896479
-120176534
-176606212
190342526
83191539
-94555370
-111801813
141210982
42410211
-86812145
-137858740
-17727201
185296712
191441844
-217513796
-321454393
88803420
-22974860
25543164
-248372979
94678015
62483845
130579218
-107507845
148120860
-182666643
-85032894
36487360
-69574332
218339941
-71693753
-106749993
-343596
-16279735
-182217740
-8292122
-118602605
-82904027
47539629
-81149608
-207069575
-76892765
-63479298
-46830743
-83093387
57123011
194344319
-218728812
-75940529
-90588832
-55366401
-40729388
56011943
-280354725
35442626
94894322
-50049937
-161784007
-209872940
-35102013
-89586398
-111578558
-263024279
186488705
97941600
-163369450
-242146996
143254052
-64433526
-40065413
-210192455
188000882
112719585
16049699
-106542157
-126317268
89753793
172050219
-42100297
-154085164
176366926
-23953895
145150716
-18456828
-161076245
3379483
64725489
-223447612
-74389241
89794483
-10275546
-273732377
-180299992
-86986193
-74124539
-102348575
-242556591
206234917
72241983
-58302271
-293320230
-52582503
-212716905
-44024733
-245994175
16004931
179537540
-19443380
-118458418
-22211956
88963163
-50540400
-186744254
-187688115
16604639
13445106
23428946
-85771084
-83810173
-5980766
108633234
-259353741
-129361005
203188697
177397269
-29316204
-313514343
1867858
110096988
138894643
-282657320
131585101
35638880
38251771
-90704447
-118844340
-119109518
95032639
-75170662
-26462883
182555289
71775637
-142630791
-93812255
-32763404
-129031980
110097358
-241594350
193206806
220124306
40541064
-321385643
24252042
2410933
195117614
-234425352
-168290651
261969535
-139068648
-178169081
-140505619
16290289
-92438801
-101566258
-167360810
322192743
186754247
122755759
-245572644
-91352397
-43941513
16538956
-176734022
-281479569
249774080
-85172566
-200447780
-336569053
88840104
-203787748
-132605893
-166677360
107690671
54166121
104754633
-72149723
-73980358
-54246105
-147550517
127598224
-191086457
381002674
66890525
127810904
-97891516
118675732
-29741238
39334994
-150694849
-24403907
15038005
-120886737
-135505103
-37689104
73476869
34168181
-54422265
-143141533
240459932
44391393
-115060639
-203687775
35056505
49691861
-93779270
-256611825
190433732
363179208
841357
-195535094
8998207
-27419975
37425382
-197963292
-72413649
161004689
81897893
-169684756
-263217968
-5298522
-59704956
148559475
-189125331
-28253316
96389060
-127946683
-88446535
-45368954
-103731112
-41792565
-279995344
-364310561
288735759
214671331
-140821770
9645556
10636038
-135475182
-262741073
-279518944
4053849
220536332
-30181596
-283487743
-104318030
57174993
-9665426
57151158
-125489720
271082695
-40024983
-46476139
-240747063
33429601
103183482
18199683
-63497108
-17897834
158574846
-73036687
-229911262
-113047015
-99606073
-83640629
45802074
-235026238
149142539
216947103
-174201577
-429429163
-107636756
-173213
2265584
-55952214
-8046877
185114229
-42240969
-55418591
-402096979
-131783885
-49327964
-49881314
-235331611
181175655
295651022
-72427438
-151156351
34379878
-14362473
95051742
-160039787
-19123309
294054093
-111913049
-250232058
-250831713
-2503708
79538937
-146200481
-77222908
116545424
138419308
120353351
-129494055
-37537218
-109085234
6575742
-96338166
-45041349
332420066
-25490844
-200970258
-418133547
-42940999
-107165926
20093332
-285955190
91141615
223170081
22262226
-152638193
-49127267
-71029401
-184703469
-106390160
-56612076
145910516
99024034
-24754495
-444380218
20116267
-78706551
-177928588
-231662956
1814126
212331525
-136719234
-202201354
-49460264
38282233
165437898
-16358936
-304297465
122846821
-16467644
-56143343
-137687395
-103220634
40129642
-71730239
-151121612
122727304
213816948
83512108
-34602890
-99674207
-100898352
-6761513
138241390
-328309196
95265018
205735921
71589704
68573094
16842891
37268824
81261511
71007547
-92309611
100459669
-98302234
-262937364
-203314061
116556753
137478094
-156727429
-330182640
342787036
-11199172
-136315006
-315923977
-286743514
63428791
146541301
-23640365
-28057642
375967219
187980910
-215043699
-157286461
-45475479
-192764992
-86056061
-162946228
121732262
166369837
-77539812
-247624470
-34137221
-5988431
-12423363
-252964351
-109946730
210013994
-5394272
-278019161
-213015730
95965855
88726990
-11306028
-190121627
412316180
-1496048
-378498281
-130553933
-35861073
-78137821
-164263302
-42267063
-88443834
135593376
126245965
-276737533
-175192408
28553550
19005135
-16163429
-236211553
-53603647
-37886931
-77281493
-239482035
-110839430
-40900010
36980049
-160092937
-163464070
249722135
-214840521
-194235517
-153075354
48583765
39928868
288663626
-63205272
88230731
226665057
-142048097
-194865743
-155809760
546696
-50812407
-151555277
-178706243
265449737
-69137745
16727186
-318693458
-104732403
131586486
17819539
-261304661
63998034
355393242
87889463
-124968739
-178956662
-113738955
-40690302
-233870666
-376015363
217496774
194117180
72656199
-148128863
237794382
-16612445
-84850171
-111002183
118605618
139615498
30117596
-126993512
-75234726
86175496
82129454
-143467515
-397907453
121456388
2975772
112339237
-45789058
17325082
-87266477
82945785
-36365042
-79650557
264745581
109421632
-440866491
-193910973
-35194764
-229578763
-103887326
-205664029
191060965
26351473
-32127303
-243059857
91412173
-42474116
-31089800
28768426
-132799126
311504188
131736358
-168535749
-319511182
-38204024
73207632
-41933977
-235491070
237281890
188807834
-60017395
-312790803
-32632103
115401499
25140120
-98922447
-94472578
-25564422
31734223
-138364019
-155414790
-66270826
-115314490
-121161791
-349993099
58961741
20368708
-108506188
-233164823
89139151
115592583
64464838
-153279158
-172506244
269051891
74573712
-45916455
-226296914
104357640
-323678628
-10866770
75415833
96341829
329037184
-93937827
-190101880
22397142
165680251
173273632
9021497
-50665058
332021092
81179017
-25298538
-43158019
-59917624
-81497135
74331316
-128572356
47622279
179159683
14304436
-254162471
-47691013
14990181
48398719
-93197121
-281133852
308265135
26200429
-83736060
-122728194
155733390
-29610568
31967440
-109385878
16822961
349201166
146171959
-267318906
-271905183
-38145417
-28012220
-155207459
-311273781
369936265
123841918
-213663666
-317673658
4468974
-210154162
8547840
-112801210
181012533
73402489
-189555250
42094496
-109893888
-169541687
48782336
14568813
-180994689
233958192
165933524
-81710675
-428898976
-76979199
-22433096
-35314467
-144720320
71651635
212256145
108355252
-235536513
-156112021
101430335
241280523
-37885908
-303657973
140718655
138724840
-158914841
-415070230
-127425071
2329837
-126895997
-130508002
-92269657
417296969
7590263
-102253215
-340977571
-101401972
-100813934
99632202
-124021035
134546421
231900547
142979452
-217698595
44755558
-55039160
-34865804
-57680920
-253248464
267676655
61532395
-104823400
-27850479
152987209
-203425630
-130404768
-160567143
175683339
169270059
127058310
-242382664
-202786037
-32200160
177219514
-183872442
-114569835
275011023
30295460
-105164512
-179282352
-13774984
47804637
-60568760
-192267754
132916432
169562101
-29551838
-25337808
-6297426
9371972
99846745
-142483069
-147993596
142554750
37697928
-185190650
-259643255
-78229633
-172208834
-44490103
-225679850
70122901
378181208
-11925213
-381939372
41271338
-85966961
-16703924
-56370463
-107883924
385107753
-90959722
-140125185
-250697124
-61610411
136921672
-102058379
-239113718
176915193
169349854
129096970
-232244882
128009
131787615
-76858012
-218218156
-267955980
155348083
116452789
-209394421
-212397716
-118571755
-125295940
-66452100
77589565
68659145
51240672
45223759
-137609516
-164130832
88206669
119293391
-38956336
-132591402
169717802
53173681
-40052255
-261326497
-151145819
-42737866
-52564202
-300932552
5353037
240820639
-10819353
-29747150
-191904636
-14241451
146474658
34826603
-137938940
90004035
-130447007
-64702968
-155690147
-67571862
-110335409
-1141353
-94715423
1218862
203104038
35169451
-268484241
-95390075
23224088
-230346312
-9513415
-243449313
215744566
193430311
-93207571
-86770203
-26651345
22602977
2604892
-193066625
19123765
405524304
-94943084
8718405
-213369367
155370552
55592188
-62619149
-132725963
315374066
151145609
-45512340
-187787161
10844152
118103626
44772366
-111157259
-87490010
278054261
62753350
-168461714
-203604117
40913112
-50971730
32087877
-278749906
49600877
257727631
83899370
-196412718
146427559
73621645
76909818
-10287404
-78785630
209270515
65090632
-62643396
-355330058
-148776573
3232720
164132179
-127362335
71125699
208100221
-224649114
-196773667
-173518071
-78485077
-53599028
-105946412
-137389579
172071010
137645453
-40522578
-95741889
-106156731
80252199
14842191
-93921853
96877929
258094929
255674929
-2775962
-130958589
-29133775
40774482
-54966310
-92701600
2297950
68752842
-74507957
-296798104
125754063
35729555
-11714393
-326191882
-163596843
197645548
-52875435
-102240134
-229851703
51229710
206205653
-67788500
-247005779
370421136
153738211
-74263527
-121696118
-157720036
-59649576
-158265137
-8454291
-23253445
230519104
59255246
-238973571
-80338482
-161292410
64898251
59421841
-25763933
220456740
24743817
35639009
-45508394
-14444086
-308978143
105396644
-34487388
-167389879
17850015
249778034
4862253
-179169583
142420421
-35906539
-1483455
-418481279
39894360
197700773
2957768
-347522935
-135107276
73534877
48508792
35339505
-22372326
223444244
14995402
-142911728
-162507773
37484296
-149875754
11323570
-303608482
109920871
74181348
79833982
-121050948
-141674957
-56252326
-92622721
143362462
-210485298
180787623
-123415028
-157072993
-165963033
56485749
153638604
80396755
-423187134
23949749
104344238
-177174983
-192342166
-171195206
-274514338
34433996
-167220979
-204868401
137478791
-120320923
-97126967
-180848910
-183826963
2913656
69011114
-275395954
13868356
326140265
-78604747
-53491444
-232726454
4635498
91029783
-234290798
-306154429
-26306132
189497992
-133590346
-55697035
-136132945
-32505952
155944103
-165727937
199052937
44794800
-90154474
-127850512
-256595959
65683078
12086069
-93017769
-241380136
171248767
3948425
-11912476
-121544278
94168534
227754932
-50160508
-160320105
-11752136
225366204
34136231
-217219344
-171892293
-107481991
-154359325
-163063221
-316154659
397274351
97886300
-167936656
-255254285
78444865
-83869437
-204967965
-175696464
-185730275
220781374
205658243
-200525987
-54741851
52851261
-26023521
15094033
-197393139
415499716
-40175798
-204779774
-94685952
-223424511
3394700
-55949307
-236086423
65607380
242621560
22526448
-128602459
-314537509
-82602976
118462845
-82087895
-419620848
204911871
135985586
-48180423
-310439564
-26611506
-73173682
-231173685
-146181435
-123276987
280403900
31120688
-203781832
-10429623
-5918836
-66764332
64053596
-201308185
117833070
81072834
-271366018
-258584268
58338445
187432328
219224156
-159693635
-121480604
205434246
-164101575
19370142
-23689553
-49229796
165300889
142598319
-199382150
101834011
280196857
-48885294
-117158415
16410727
-139412605
-167537815
-213092709
-201782618
194311338
195055237
-115986916
-61510696
5795428
-16309732
25870729
-338076558
188808266
240157440
304440920
-98456658
-133940994
38138160
148162916
6932217
-106121819
51711063
-61600457
12040478
-93949783
-9843192
229521229
20286519
-254716176
165343995
403178577
54923407
-10514480
62021991
-30864256
8622388
-205910813
36865510
391344071
11223226
47044631
-335424533
-66686394
77006959
-40487864
-282970912
-4057039
320458648
-110928089
-368010635
-137271877
-21031567
111422294
55233694
-42314952
-40622155
-154372938
-164111037
-273374826
43503877
-18514908
66416728
46168765
-187728061
135178797
115130246
-384032206
-25469965
252574743
-90364102
-14168833
-103637972
-48872199
37681842
89767586
-104856639
166054061
315853994
-41841487
-413911672
-116980139
138290177
50313590
100210333
191686660
61171376
70525421
-271033025
-355875582
359695919
44029532
8130483
-155480
-153205340
-143472809
-52777778
-158670979
-207870001
367342957
-109018039
-62653692
89618078
62283080
53956979
25237150
-272702534
19825155
-23284794
49268302
-301923100
107637359
-20025938
-25890393
64001309
74149942
-164136632
-112490130
-104154352
-178645687
88038593
-243357795
309640245
-14718400
-112197273
185483561
29327827
-353550265
-297157108
33100748
237294927
65290045
-103186550
134913948
329315924
7182496
-282239919
103801445
-77316676
20654688
-231478753
-62987082
51529855
-108678601
-56877659
-129445160
78937288
72153456
91481041
-15277538
161457559
-4694699
-237317439
165406198
-46414854
-337837932
276944257
-75320421
57745051
-17730682
7699062
304237862
-85208426
-227365841
75840841
-8700584
13643098
366098024
37489418
-174149352
-474432578
205271443
68623944
-91458430
-60723293
-41788806
295590107
-107655740
-94891222
-378667004
110696305
-19469694
-197175480
-113111299
-40262769
-47277092
-226580775
-208909342
-107005883
-131714475
112889546
-193813214
-154461661
198930504
-7748368
-94251246
73282851
-314437989
60065294
-151515575
-23815746
35144649
193489630
124587365
16919156
87206363
-76922318
76386721
21825442
142514082
-83973602
-106019676
-207216996
-217458791
103367631
150576681
-38326694
-11995118
159603946
-109102117
45509310
-388319939
-186346159
-19635960
18499495
177460065
143446006
-79475990
21910346
-95526941
-217078052
-175338647
-232499879
13246298
164781266
-185066808
-237030626
151910380
-277621824
-154214917
153076409
-92736679
274907527
82150694
-28541575
-112480079
-71568595
-366739972
-120509507
96354354
184628994
186275879
211777253
124904430
95396397
-414932743
-29859924
49937328
-247373099
2198735
127598183
203680090
-54217960
-132332397
-252189414
-27479318
-104746628
-345515825
-428957969
145432196
18612016
-65862161
-476237576
-30770833
40562871
-70150447
-514375662
-218039294
185485557
125477421
-106218483
-122435326
162603898
-1992225
-183867091
-377101132
196277759
193290454
7454107
-332209732
-70690042
-18847641
-56743607
21550238
-203206215
224979165
150324290
103753365
-313620568
-188365815
94742033
-95941678
-191434619
52820169
181063249
-84895655
-88727225
-102462884
-69135157
182344544
-183963372
-195708562
147888553
2304155
-42946121
-80989008
90924467
142457230
134112135
-122927904
-54080318
109833241
92285159
-206307866
-26185582
63002963
-11346359
-42692549
-457670297
15620858
-3996793
129438129
-138374972
-227663849
-64837023
-49390358
-132542654
-37864625
192716204
-183304283
-76275652
-285270101
-30023394
3911255
117887820
-128385059
-12564047
333066433
31863348
-216968696
66463615
-9054276
-189707652
-172163759
-31258363
143344222
104653820
-45176290
-228158762
-23244177
84466617
-96146161
-199522747
236759327
73388742
41355628
-204145774
-161557520
42674803
-22681560
-190902319
-174007879
269457121
88052823
-226412819
-141113632
211853462
251220237
81636750
-309369320
42611864
158900596
-105005969
-108617408
-56323572
-151268231
-19230224
-21837955
-176950885
108231854
134252258
-40827126
50165374
61322006
41196414
-133232927
-194102241
81026616
156736568
115407117
-203075834
-549490
104209804
158372635
-14763192
-205636491
292557253
147798297
-127001933
-195007323
109305451
-85269458
17448525
-344364555
-12770076
84446254
-137279594
-238125719
-159853393
-89564709
-66329277
-32242686
-370143780
157673419
-35648888
140088201
-407758754
1330601
-160508846
-4453732
-249619881
-181484317
226816074
-98375931
-57889846
-183410665
66755179
151954964
-141011416
-199323710
258968200
221898801
-11712972
-171975063
24258293
61054218
116761392
-218312768
-64003339
144061758
-117079743
-97795782
-144229847
23247239
-149614658
-63785776
-173138627
301145304
137406938
-104793964
-233593668
1558663
102910356
-59447751
-11636598
-85107906
258376445
17834559
-78769468
-134636414
-40927836
107225552
90269477
-236872478
39763858
158407745
27794897
-206129424
81595933
-7788689
135598493
-247366327
-176295297
355768134
-178104798
-209247452
-205572613
-154359768
-101075793
133971825
-135525036
1872511
102465889
-60544687
-131495983
-28294805
-21284410
-54579888
32620564
26669598
103366935
35460003
-68338416
-264878394
3760378
-78744158
-94025119
-263671530
85006626
5868823
-21140667
-16796624
-28673967
134481319
139878432
-111228403
125657186
189497911
-192276761
23637606
-176922484
41827679
60264615
-151240792
-244306254
216031105
113748711
-32726664
-156277999
-272259793
69900887
-64912351
5714219
-243832728
286395630
80594710
-276224128
-136272009
-16174761
-24739858
46122595
-386817118
170443805
28272732
-79214634
-100619324
-63571223
-318172844
-84650553
-169225868
1200791
226018447
5336169
48951517
-17658573
-32928201
55146810
78712551
-178054644
-218728891
253759388
-56526809
-108281841
-173211987
-44253314
70265924
51538627
-208682050
105914072
106319263
-76744711
-319183820
-163597621
-101235166
-64497272
-73500249
-20154745
307903917
57219886
-78717014
-154196236
-66600116
-228105919
-92717883
-211235823
201492923
46978009
-25327026
-339335683
-47499447
-30083612
100467324
-181094745
-51140615
149249098
-132100781
-89409557
-148858369
10719449
-32216757
26773324
-154991225
252674435
172132173
-193453428
-260614767
95717189
-86013456
107392938
141281805
-108434298
228694381
36837070
-256679047
-253028204
-128218926
-169532284
18579934
-276646619
-15870706
93376989
-25891676
-244889926
-117796399
-7690131
-36798847
-53225451
-248761586
65840693
50052563
-100213119
-312425922
141052189
-38299140
62673719
-103803041
153352545
116956168
36286925
-5830162
55306369
-251920811
-52645866
-25809312
-154344346
-31284140
139885686
39986393
-165577580
109796797
39184455
159393542
-159542695
21407158
259296542
-226472082
-284255822
-11740888
-73712040
130308629
-209201012
-267384044
117571521
26394691
-30505141
-233131199
-167324544
140507269
30510213
-197680805
75200023
242313255
-132677701
-115707819
-205135495
147038675
92301896
-116937016
-276132845
40044950
63165396
-24505182
-218174474
-117179523
-190062419
-14057943
-245505671
135280332
-39311787
51657854
-135422036
-278969235
-43400546
-325220918
30729659
-258895832
257740368
125995867
-81080557
-152422240
-49360701
251680883
-53860319
-399724521
-80443139
92635464
-51189465
-254876956
-168217664
-14122104
-152055590
-14264609
-378353768
-59088677
168604585
-142760246
-174252936
59967537
-146680002
129820626
-222286077
-144414280
297365092
58822883
17368740
-118354802
-72765920
-184264025
-73084887
-148776348
89603839
255739760
-46053607
-383044049
-192752440
146163037
67160905
-288695565
-163987450
59682359
-43411993
65660255
-170690514
-158566752
-76899051
20908702
-230916368
-51874337
2468049
-166631415
-353105268
-166638270
-1251241
87077439
-92601881
-206073868
219856816
22401978
-277663841
-321929051
171971078
-81337183
95970407
-68483161
93187716
174472907
682091
-271330334
111089747
113946348
96226495
-272877144
-51030189
96884260
91389928
83064747
-197943071
6791893
178671640
100743349
-295454204
-16542607
132107981
-12847625
-186272382
-94088895
84914014
167298076
127573194
-164716320
170916486
12771297
-41694622
-293119241
-191110477
-48713969
-210142216
-298535935
-202271903
181382257
52505162
-263271965
-262806236
98536530
-35844085
-153702991
-122801636
101957811
265019811
102975428
-305007068
-158234407
-61875520
-26224886
-254764501
-121746088
284276804
-58097653
-87803194
-268830965
7199007
-110174644
50076767
-106667659
102701519
-96362922
-51660930
-183199716
33317781
232435517
-1195045
-175725274
-88764714
-31916289
6219789
-123846230
-168052626
-66521290
22142087
7572333
53356704
168100739
294606303
1383468
-163361549
-59529359
-47280228
144497491
-191760743
-29614078
392475029
154696603
-167661452
-106057215
-24438038
-29561327
-2487479
-239036957
57292728
-95966348
-157029686
-253997525
-189792307
-99886866
7983530
-9305875
-69657655
314286784
59563492
-148261576
-128013900
-118489641
-51909747
-44396301
-212819457
46595418
111055806
106546219
-80839557
10966059
-71746390
-9088548
-173254563
-304953229
70183175
155562555
-127407699
-23376167
-123850299
11778430
52632572
-118484541
223246734
171988877
-108523473
-63825114
-122451271
63342534
27131257
-56724987
-190481051
361495999
21074703
-181786727
-375446898
-103353923
74838617
148048915
-117422528
-2525975
188970084
17609277
-312402501
-69142476
47277303
-87402624
-13333117
-287445713
148542030
110361415
4882503
33151782
3171977
-28249926
65209732
-399346469
-61404712
73118126
96053881
104337812
-153470642
91603376
-107832714
42843724
-45074481
56526198
-55606223
-9532705
-183233459
35062955
-9702872
4048312
-274174030
-141848742
123821399
73750477
-126568049
-264293317
-222609156
-15173503
-135915477
-190286438
61378756
9895355
-25227699
-52015575
-37153294
-124076483
103717167
75979648
51507583
308578769
21546663
-29755199
-146033237
128714952
45238440
-72724421
-132542249
129879347
-19696219
7148756
-212953373
-237192197
23408670
135848546
-123143732
191457820
156294440
-101516059
56321466
-177148269
-83464946
112466874
1179331
-244255530
175125252
700802
-54589225
-185402412
-31723391
257140185
29361393
-280644134
-137643841
457067493
130374301
-187510591
33483465
-67405566
-7980088
58972118
-163315753
-39899929
12940736
-160701226
-165127075
64733011
48549980
148131317
14824472
-142487379
202553901
42464687
70645571
-168718864
-83926909
-40637279
118478861
-241397767
111294455
247994725
-105162992
-73880138
-226284051
-122343012
71621167
-5422048
-88758815
339264883
44820030
-117143550
-234776265
52180424
52183245
-72100457
-245738569
133601579
178004168
31569712
-174801497
-231451336
-73098410
161782062
-198835729
-429254373
62199427
-115062804
-236226622
-121386413
-131380237
116201799
11799254
-378659073
139310711
448776146
34332128
-237224199
-94340693
17102508
124212857
22989455
-78286927
203650003
88728884
-131994941
-124363185
-66094900
134198952
-26549037
-59835781
-21708721
124911885
10623966
-243328329
-21501206
-36547720
17631528
-190927766
-302866191
81435673
-134932406
-220094316
-55964113
-116332069
28736832
123894591
-195276985
14212761
78982391
-104717530
-72733174
-240220749
-114268868
-97216075
-207648289
-27850860
243178009
36529113
-192257287
-254435687
57323671
9591125
102173952
20979003
-39857453
99108937
2631268
63722377
-154932667
-45198528
-58655102
-36881578
-219493730
59207614
157280162
48702880
-275773702
139113379
107960517
-990604
-332353395
-130064186
168118767
-77718579
-169567428
-101921797
-126156606
31107979
-399558
-242804681
-9984017
115540529
2922644
-286440902
-58108916
-128580651
-14930117
-14299853
-189677962
306624944
105616181
-73494129
-228240465
-109603132
-144172463
113544993
-134813317
-50568809
158813281
33709352
-216944104
-70138738
-53060368
53216681
-113745260
-118457723
215854198
-42843461
-121099559
-104920785
-27257275
109619942
73009751
-259047455
105459163
277535746
-108795566
-179722244
-91358279
125801179
180239774
-78524134
-183900289
197620378
48978348
-6226913
-60767372
87066815
-51263292
-187802389
-211673605
-51514274
155805993
-33523246
-121447570
-87913225
-28446903
17565316
-49178146
-215083977
232912418
-36748895
-123524449
-54657276
-32609046
-143905548
145944950
-347562925
22923860
137914899
-133796275
45081048
-138426766
102121566
178996247
-149565842
-371328573
256641873
158693614
244592380
-201958358
-41839235
-65600304
-151961570
-170458252
15975036
218900690
-49612077
-226527978
-124855768
-58708808
-29365028
56486547
-111027461
97974621
157572034
-96864221
-143068311
261882022
7154344
-107149415
-356076041
-201910026
231936073
-351274021
-173227712
43253191
46545252
-13797646
-4625663
-318150378
73466985
147487041
-158148519
-88551131
-87452896
-130971732
26396290
-158110164
-219583142
190713052
188551726
-103493105
-207815609
11738783
-266476368
16692557
-257139505
109709358
89282701
-32600350
-330019381
-191474373
53783447
191964369
-55346693
-69167577
263118940
-97651777
-174402248
-300586387
-52837913
34934142
81171453
-144377370
43770755
221667930
-140292701
48400717
-872436
-68872571
-29385990
-110337200
-60758653
288559692
94677768
61134537
-194351340
78671627
-20884852
-60265388
-233566944
115442460
144255054
77261896
-148405775
-177657566
7112505
29767385
-285273013
-176463446
236838668
-123894640
48933420
-57881292
60835426
-70002106
54917398
-282689541
8699624
198927475
-50100959
-124263965
-289840539
-143327811
157892492
107035448
-118564127
219053522
-99949625
-107729918
-345335789
-172499143
-63654366
171543729
-199776293
8593088
116697484
243668976
-249386400
-225757894
65974864
-96501213
-2459595
-56762242
417856864
221255854
-78220415
-315050268
176413844
-160184714
86766677
-242603954
-61438772
169394503
-361898307
-99770454
-30627137
-97969284
-78959343
21140292
-382589139
196992224
38696650
-282319727
-222725304
26745026
63622062
-21784027
-255204335
7213368
108456044
73685397
-35483509
-215700894
-86109394
-257806727
-166925482
-320775134
214275126
224485962
-25799865
-238451612
100882326
-48774531
-103972523
-158676489
-73082875
200946369
-5463997
-108125862
-320700584
-64815056
78491070
-120224429
-233053931
216080601
-24715521
-43148154
-225449477
44663317
28708042
-18111764
-228057408
-205709934
396898875
114044657
-122470753
-97879817
-84023196
-210272720
5067047
-215640976
-11033485
104293201
-111087446
-184609800
59635773
5729965
-113133954
-159132700
-209932031
197988326
-64245600
-80703218
-121902795
-102484834
141746495
94835777
-152730479
104329074
237128949
-283131793
-360459344
-117130317
72106873
7491456
36744509
-189158176
209733685
131726075
-124395141
-139384608
12308296
-128997625
157473191
-87250567
-79595170
153279683
-15235760
-235921282
-221855220
95652780
-83556715
-195298081
-244954546
50877759
90405638
-118343639
68524464
-90948489
-266664248
76161834
-222921415
-64316410
224622656
22242165
-243875836
-91993638
-19909723
110185618
-121901371
-342928156
314930878
-58581158
-34217292
-266141607
-166828423
191718056
24297975
-271463711
-235468047
320921382
248237503
-36153295
-44107246
-97746860
-67127615
80266643
-300574191
106344994
137849633
-114406739
-304413044
7906026
-127554350
156243376
-48598725
-24394596
283118312
162525815
-103612949
-171926847
-103960277
242778419
-151537358
-289138494
239351984
71612167
29855661
-55584736
183386277
115693775
-60941343
-132419154
-160556410
250006539
102228214
-40503288
-177376215
93243225
-123518770
-74083382
-110076596
-2362358
-14263284
-45665371
-114449228
71869012
-673802
-242635321
-221455680
-111965062
287351786
98085041
-209788050
-321057494
78686789
-149231945
13908889
-60709234
295397005
113048645
191506525
-48789385
-13178226
32277858
-59873786
-203098948
-278046286
224915098
-53043527
-241657740
-880722
19349641
76692805
71552482
-233667224
-23685578
114257606
40658261
-78001899
-212310603
7427392
36650243
-92011760
-220349572
211909795
-100294930
-125723967
-131872558
10973320
178892162
31923193
-188564651
256700993
105436182
209880651
28552663
-124489668
56475773
189992507
-212179120
-101628134
283504414
-12897130
29178458
-103999459
35801756
59863577
-94229792
-195731064
-116608678
235937012
32477890
-280343092
-166646747
5495433
63440020
-147690349
-140527533
114695364
-126137795
-100687747
-259161634
134479917
-28828259
-76437505
-187673227
-32942909
215063906
174129275
-63439477
-242632202
-102337905
115616295
-291702296
-289549837
292876068
130211162
-8488457
-153226772
134141532
-70103230
18521496
-75046809
-93556387
101639718
-74047289
-185631199
-227296443
-56573102
108616589
199303995
-416400214
270936193
208315712
-13247208
33999182
134723376
52329503
-112871617
-252654117
4624039
298684328
142556160
-141843289
-147759353
-47873323
105326045
-25065895
-173991633
214139293
212661121
-165397001
27582728
-99515022
104373002
-16733988
-40343482
-132980049
191977319
20488944
-100475973
-147264923
-282813340
-93810163
-2145028
-272876141
84469351
258362717
-5348809
-36480589
-76862023
-116634979
43316407
-69104309
-17737827
222331339
34025867
-261765767
-151973863
36236839
-86358507
-86162298
-155141506
-61059729
235106712
135422455
-286571774
-139629295
-30009276
155059712
18635137
-261364414
52817645
44020623
-104221704
-225076711
168713739
10149096
-42213233
-331293434
26974815
83017018
-145309512
-132591655
-130786726
-133599804
92324619
56920401
-192522744
366897194
191216755
-30714091
-96552752
-81306655
151965775
-94731621
-424196936
25010910
211594526
-136757362
-297311823
-6269091
155449097
-26664156
-168787420
-285988887
65901659
223396707
129847767
-67715738
-236004310
-24932809
84201733
-167765960
33490459
166279233
-134476725
-10849291
-159177860
83752498
88535535
-193939692
-132319341
122437505
97442980
20944422
-114845504
-50789587
-3832465
-25662736
-446457424
-180727892
136323765
174819513
121118411
-36727498
-42543142
-45929978
-181285429
-209599303
64582221
17003111
25644703
-203069562
-154375163
-36202269
163766052
-489375111
42448146
461755639
-86536263
-318902859
-295777772
75025472
81679217
90633221
-385710605
106883273
88913964
-160966627
-116103325
-1520492
-44278958
206338968
-79934679
31372252
115544914
87817672
36439751
-68813608
84745456
-231362939
1983276
-242193855
142278793
270377717
25678245
-141096529
10286670
-83223093
15687479
53464768
-157903858
405240209
93926385
-52742651
-267864279
-62166055
-44887678
-133729516
-169010230
29559266
-16986477
-32768017
-124180510
-234933954
-9925617
9736247
-232914594
-11668627
189214745
-67575020
-159926979
-205053145
-17844730
-63914547
-49833934
-231115069
-13037410
116539695
-181962618
-254088936
-108504843
-156007962
-280407717
-218356806
-252951560
232263033
57498110
-9417635
-144459926
42195563
-103226275
13158205
-101113172
-27112996
273330048
-57864263
-66793223
-31726998
87728328
12641699
78500922
-111718988
274190840
133788857
-55828326
-196315130
-166100253
-98990066
-30653133
-132279369
-70225544
104834371
93706292
-144820824
-60488832
41779750
-129820295
-212222965
-245777126
192219692
83243879
109302547
-346805116
-154947968
179908088
105924719
-191320176
136593120
346524253
-138880408
-32964137
-152999194
-18905271
51288645
7984526
-264152698
173780770
54092240
-250336428
-112753819
-40198806
-111568603
113822513
-118462834
-108672058
292224969
48143495
-220196090
-258302974
192084706
-68469437
-111266723
-304046794
30678822
151721567
65301403
-167277293
-55066956
-10298401
112997213
-39730748
-163871886
106219071
78857742
-165562868
-159025529
-66560094
-92397008
27035453
-219679901
-40348098
204551987
-125636593
-108248815
-170376495
-85950637
42693242
-230169120
-184207250
85584049
-65814289
126732021
-179368801
-7963986
46206422
-63848522
-67231600
-227650544
120073879
-12819756
-378079213
-367213704
-143578167
-48055869
-136219373
-194679675
336417273
193166716
-172154461
-61940188
142402996
-15100439
-48044700
-235493355
61534862
234847385
-84477463
-106028734
-348621669
-159690169
267357325
-93357355
-268284582
300981448
160941210
-247230449
-284770624
-140471922
-60594029
-30952910
-299990768
-154859330
89776206
52501721
-149228068
27350405
37865949
-80798238
-11060292
-263839298
76496776
184799768
-160734055
-146165315
-28053376
-182116365
-25035120
-173876882
-97387110
324666331
3171324
21539403
-127837347
16351985
135887260
-216175966
-316607800
182371010
15931053
-28771944
-186796528
-118889129
-155615872
119491152
-126093513
-149068137
299073085
-21253516
-71477928
-252693203
-84628732
-150454385
-175916782
-253898569
248892279
27738867
-52501636
-227945890
-58561782
-19838237
17883294
-216768401
-114065903
387946998
75445312
-9262169
-179158985
22941250
-37126055
-136288616
-122948474
184166045
-17994218
28667996
-300287086
19116630
58141323
18387414
-76608438
-68561344
430791883
70850065
-226162136
-149790306
36588303
-183776902
-161140034
-173627922
-6135811
209516466
-76073455
-233299143
-40678998
-86455986
19154331
-223064210
-235673660
183244381
-20881945
170389293
-159529601
-175741234
-200227900
22688323
-277109769
20031747
329931920
-24794970
-235792024
-195643828
25220806
-56577989
-324383531
-215567105
226611899
14537488
90017089
-138143522
159311010
-19850469
59230973
-225873006
84209912
317898685
35723481
-205107667
-240997170
98014484
-127296128
-79237458
-238362721
179104755
87865143
-82930209
-107099818
48128180
-138531962
28871417
-251579537
-98234407
304753841
89382532
-293653733
-140270189
-174661138
-36445451
18939483
-159474214
238544071
23719796
-127935965
-221972060
-22268727
-125987258
-101825179
-102371635
30703450
324004061
21264004
-205079314
-104904376
14475939
-56365155
-72398556
-210606163
281390678
106527839
78895513
-229542763
-63748754
-197716569
24075539
-72467544
-250580132
251351004
-7210344
-142847544
-190928443
82877277
-60679084
99213075
-388058971
72276188
127709401
-159054055
-248684286
-73856061
69000717
74972844
-268696621
-158952682
354043052
43167093
-88746686
-295353723
89475362
153610626
93971082
-340486310
5995703
348458716
17405958
-292097182
135079715
33409584
-101977066
-67194231
-145148816
145668429
100450266
-100084682
-211051539
41975759
-104902811
-7208994
-270071447
100155108
210105192
156429781
-214630109
-42613418
-38996292
21446438
-165452559
-121440733
276090638
-169635400
13884886
-93757275
-54728537
13269382
64921351
-141930603
42979190
325936508
142302889
-37555367
-13655372
-93360119
87570795
-170945203
-252614478
199818417
28506631
-36681410
-67542556
-91307202
-114060238
35719112
-69113690
44600996
136688148
-169051592
-280873981
-166067563
169721231
32364367
-204574188
-267443700
236197462
20384736
-142727910
-202378809
-34568533
-128664507
97374407
-137398018
-139559803
319662465
36819408
-107760525
-211493029
-37927120
-41981493
-90543141
-273195836
140502357
-50331239
-33788324
-208142270
-65057781
-36947681
-20129829
-197717303
49050322
99264022
97892822
-102759095
-357385412
73720197
1224713
26480111
-235678893
139718481
165349913
-145483500
-182865199
-97529342
14860840
-49735107
-26090905
15963574
313068714
108718582
-258665321
-97945846
27691407
-2218067
-131110740
-260160031
157203063
273288335
-36269236
-176398801
-7538753
-261459808
-29336751
-71565588
-155655986
282108373
72236051
-92121795
-291182968
-80115187
-18103674
138442115
-282350965
178504993
300749271
-22524999
-206249234
-132103292
60981994
83159584
-203355063
-249593641
215185353
47536062
59124672
45964081
13509259
65788140
60799213
-445247763
127445897
124427217
96985149
-81611742
-28853578
-162322569
-95802901
-114039664
-184958012
372198227
104327940
-91528787
-220091548
-111725261
-83007246
63751948
-389217266
121786084
271548548
77602998
-118952099
-18255010
-61807341
4975942
24768819
-173425054
193225441
61141479
-86327351
866067
61772953
-118259245
36056903
-295938536
29097389
259403415
2210458
-225754168
-96724245
-79959622
-67544475
-147120859
-252146990
4532289
108892090
74655028
-246559581
28324814
-21289141
8147977
-167204796
-173602460
192492060
-25393867
-271849856
-103245253
-7776349
30299939
-103083432
-29949171
299697273
54206318
295497317
-79044685
-45007832
27155141
132495606
-169375305
-84222671
268948663
-97732978
-156149094
-81138178
65076020
110918352
116352939
-379500261
205800913
207966121
-66948130
-392807507
-187013445
-147188310
17742629
-321638792
-177716826
172121602
-70663690
-107996968
-342622382
-216638190
-93545835
12652392
-448612844
323400040
153904496
-41312202
-138965292
103722276
-10558096
-16957252
-48233742
-131999524
242924521
-67548538
-205970248
-16799411
-283793314
95210696
-119951400
-253488686
99956138
162681615
-137370669
15761142
-248823587
-2390735
68413567
-265327320
-108773552
273036489
-1783157
1718273
-65349498
-6465027
-158256512
-93180933
-451138946
129115717
239812413
-38156926
-116416436
-134346051
-149157228
-130949529
-76460710
-165119545
322264421
-114438100
-120934097
65958215
-131735482
-123644861
67416256
-204273247
121016305
322822505
-124307872
-69247368
-191523775
-41505816
154086005
-77157187
-274190212
192896070
-63443630
-61877980
-12313339
-72621709
-238762957
55468692
-235284143
-57337718
50027571
53278355
-84535671
-5130371
-8122130
-112471143
-113210478
-205973056
151063178
66661832
107496314
-55589183
-75412258
-8915208
134158913
-223646074
84027790
368743877
17069563
-109220265
-161549763
-5578727
115193406
-65764275
-465410148
161523079
-28948476
31668037
-145795560
-59890743
-112316012
-21597097
-260450648
199218844
268353881
96468445
-62341465
-33345853
-136936990
-221817328
-104019759
-120072537
201876202
218529039
141485392
-132531102
115573957
16719713
171408019
-315374445
-201407031
279505284
45257142
-189412164
5552834
1053812
-66556449
-69060442
-313356355
165719708
114947552
-39935722
-90138514
5935916
-39283534
-56284541
-190912973
-82955123
353961521
141410351
-38745181
-91120626
-235013301
-116592910
-39487467
-243613898
164232812
86853829
-103922829
-280771177
-250089026
-37866898
2171765
-57843783
46986959
203462323
139920050
-71709940
-252500953
16741588
-139229527
8703131
-232605622
106984489
283981939
-1198784
-123393572
-117806046
112562875
25760840
-106799059
-172782629
366289583
45462055
11421025
5188798
-25338299
-139891478
-39616837
-485212011
1153059
220755766
-220051517
-378881081
146930446
-8308921
151520039
-141040222
-290938675
235709609
-13642549
120213996
408008325
-251547545
-104739936
225699480
-241882887
76260770
292068363
-183296534
197354918
43713453
76344959
288118566
-131089209
-204596131
52779309
132090008
-97567285
-259989824
-59978227
-284141927
143030877
-329724190
-19704465
169373404
-156164025
171177755
130116274
176525160
-113644693
77103321
26071619
-84993748
3146574
114499575
58532348
-66610674
-146705114
-678653
53863507
-29156110
282886973
-149076432
85318182
265796696
39946646
267342295
225809575
-420677082
188077173
251832645
-200370749
232866097
74356578
7464465
127220842
-221970295
-185302428
-265767155
15458720
-48430931
-125269864
-47945386
-241383536
-48002536
-247119248
187586967
85355033
-140431239
-41036781
130232607
-176715542
-119436937
-153519517
-56269425
-43742164
-74988362
-171677958
-164370224
83941115
9084080
63837469
-238935514
94192302
119970327
-65800973
-35174611
-202894493
-177561204
131111551
-57265014
-96847451
243607966
-121415900
56318443
-84861640
125918474
132793508
90459181
-363005283
-98130590
210195817
-14670769
-302601361
-91680402
-6771889
-42214214
-177013604
16859479
223979565
182191124
-87661458
-71829238
-185911276
-273601137
-307167275
-403743756
132888778
129868067
-8287832
96661936
29867436
-84865307
-147227893
-23708730
-318440843
130229582
21681538
-335255829
183346953
6993800
-134804566
-49645596
-312183876
-89095932
92491364
-21311581
-171205812
-299481455
97509387
-163757127
-72405800
-92727892
238736623
14360476
-186079503
-352079090
91437700
140920742
-26362293
-128847396
18917910
102002197
-230240354
361869060
102301028
123802668
53747610
-290386248
-353557960
148137667
242324302
-119102216
-441177809
303347659
-440453
-167269500
-368113663
-165651603
149292074
76525508
-20188436
-34407784
-215298101
131317121
22186953
-32198782
78501180
-11342625
44797885
36599127
156375779
-133387855
-165790630
-487110848
-37494154
274351400
-124484443
-88829212
-51148559
99215010
-157796028
82285079
-180860408
30629439
106498673
14779461
40223492
-63604361
-221898600
216645528
-97148624
-383544314
212925363
-150509428
48698161
-197499814
42335801
62529714
-109408662
-309659348
83211331
172817006
-161459993
60561382
-34013606
-141537195
113869592
-168091331
-234955775
135363773
-119097014
133202342
-54959362
-199786763
79634437
47806772
-334136948
107941352
148928156
38845302
118174562
82131840
-270237151
-118239575
-298010628
-190885857
267200868
-83918378
-6148265
131098734
-90013391
-205338790
75535211
-206644066
-29245354
219386123
-22167384
17281754
-225379900
-58325175
74787715
-87961429
-187011893
-94620384
-25655019
178392672
-162383762
-19972008
86135331
-45396823
-98794202
70615403
47069209
-38812720
-32457301
-39130129
-47064079
298042567
-147328062
-285564156
301933307
144027533
16884116
-156368377
-81735475
14026083
-109873744
-500764856
-9173298
207954218
-51869503
-104998579
-133039472
41593440
-103288446
-273157841
-361276755
237818829
-2729645
116187407
222440247
-261057235
90914697
130315178
-405232550
-73081644
67921525
-114160740
238130063
-62995124
-169804338
122842376
-153838229
-157794271
170784201
8737081
170116298
51156049
-250432764
-39864976
45169775
-514305643
-101409896
40679490
-35142577
120121326
-92891610
88647162
140101705
-207105796
-497636666
257924540
103754144
-158545358
54029357
98683435
38475381
-133341528
-310132110
-331338280
15897741
-12923427
76723203
37245185
117210873
-139004286
-204505666
-482836982
-39088030
-74529883
144619190
68292118
-62592412
113804992
172023226
-412623612
-263212143
61589955
-200117498
222046123
-37252920
102923404
143240313
-394128129
-614288222
131286653
179495963
166187303
64315633
-27870821
98048517
102685441
-291563307
-315150956
180899211
-23033947
124511177
71862018
117409819
38752025
-174087971
-467460115
141654294
85449768
-67646053
151587215
-76383122
79898925
68335019
-345713850
-330554700
-45310979
-314724233
42046323
223253601
-167196026
370101902
83828937
-426870547
19477899
123438643
-12230787
163895034
9442770
182762871
35783589
-357752964
-301266151
144868576
-135124129
39373219
332667163
133094209
35992809
-84318338
-462127821
-239533855
-139433668
76294408
312199326
145658297
76510036
18462263
-293204855
-383065735
10472758
64036501
142308637
285176765
-136995932
42785536
35192111
-310034073
-42653533
-49317197
-6138115
252947447
229700737
51508200
209941805
-72985648
83077710
-53357517
-168190202
-21661376
336318341
-6839241
312614710
-13829528
-458023944
-259957111
296131263
116948385
425093729
128714072
42351057
-23838452
-229602767
-100909299
-11292854
-117877187
17587772
313419215
14375408
124125598
144306200
-24438597
17867226
-465919
68061306
153386659
278615172
-116182855
204387940
106527317
15323912
-70367005
-27644863
539502
299880868
54950992
111551762
-698896
-270894498
-90147096
104669801
-50780275
-118697525
279236581
77973405
36815730
146864790
366598426
110999659
-28153229
-36146630
516188893
53351390
-232553500
40045399
-476223134
-227266641
43704017
-28379780
340965181
-180937732
161807598
226618205
-238656681
-395994791
53111089
-59030468
-147319826
473192216
287258225
210225073
-45204453
476950096
102940583
7172888
120075283
271965543
610910685
104104454
140578836
23731506
196854221
-284141923
55858340
75526342
130596162
119406461
179890944
50390589
436481129
419312714
-324776250
99091454
22684470
414673245
-24849064
-7013501
245217341
636228790
43269108
-195189296
-70127779
-257818292
175640180
266110050
-8027923
69893499
209379276
-95421858
68235087
-61622537
-213213972
317788494
-27013380
-44072051
596002735
134955454
-164731095
29937357
332201103
303171359
190914770
17722004
640464727
388362948
-382382742
-123300373
41915518
248527679
139387825
263734625
131424414
312085376
-180153484
-223236134
-64893559
26561437
152517930
122054560
-37458108
412515385
500536927
-265706353
-32613887
-35969849
312764844
283318160
266695241
265157281
496168591
37278570
121427195
-106464521
20683382
484685180
15244259
-294865476
451114458
376904565
-15464254
-73895097
-124924356
343626333
59808615
53917050
-55278355
546349367
111512795
-126634149
37179373
-501776304
11107602
260668329
-47590937
193194708
408552764
-262177445
-163292472
136954626
114610039
190769538
93535274
10896326
504160708
-23660179
-206669365
38567861
-298678889
299998780
224682494
59128168
187081671
401735766
63469050
89718657
-4227706
-159272913
172947967
-70818491
-109250283
348080651
205021182
-121115021
56003165
-293909846
-142871079
204484845
-177359867
153091352
341777762
126555889
-59300875
-59984388
-416328349
221622036
-43079073
44640478
470984271
235087974
-229514361
-22515348
-239898177
123271702
95672250
46051494
162401181
316813293
117679266
-43837848
199452167
-609195370
12437154
108407749
-184029395
224713657
71744833
-307497024
160832651
-223374928
-224075612
162659771
-57060010
46652401
432338795
18206592
-180901208
-21915872
-391787974
48426167
153381919
-7396170
334491731
237817389
-338248066
-190759336
-290499492
245126442
174264984
19527597
-215127085
504818051
116573121
-273947303
-60251870
-146727077
229678891
24808480
-168778066
332505619
249922163
-226467376
-26533856
-101054379
-266456098
141273060
-38424111
84216793
471008080
37928786
-37977375
-84004659
-444181993
83051890
-32447350
35219658
180955507
303478742
-77966797
-117906799
-198922793
-124235934
199375655
125151464
73149514
479155515
230696177
-19733836
-78897230
-429836345
-66073683
-56123493
-72122132
308234893
500352463
-31678125
81935648
85583049
