-71038445
-139348194
223073728
95475453
-183403695
88245407
-21791508
112884323
201252932
93562002
223337643
-35753313
41728445
161856211
149878
-10872752
-106534828
165375711
155565377
-54695771
-80816056
40950191
15688320
-164377251
-88914219
331089861
57937097
-39572631
140413691
84278978
41312119
-102586378
-146437660
-145753572
-146663142
-47617193
12527833
-175836567
11148442
-66100924
-41475413
30293695
55676231
148780357
-16366194
-120072904
138169414
-33610190
-43330227
79673762
157703528
8319986
-248729881
-76745999
197693609
-70526886
-116669105
16267500
109681775
-60896225
19136550
148272149
68857882
-8941147
-76979916
-13131197
104729912
122448240
127033028
39719242
-73477323
33739664
88197951
12139522
16744909
-13075808
-158516921
-3716738
85319128
91605179
95574702
131541309
-5528407
41078494
284962784
-194752348
-137070403
115675144
-20899003
31883192
188652789
-2270166
-124047089
73971115
-122176538
-33063075
107967356
-91403412
-32724107
107948680
80390267
16226765
-177254862
-17916484
-13926465
69691511
162014113
57400833
-171848392
-112272077
149954568
7561776
-70412509
-34519685
42317865
-20702354
17540978
-16747307
70666302
24157276
-89130406
28548662
70142351
2434681
-33507031
-149942376
102897745
364124906
299926499
-17781470
-390412459
-273032724
-236528567
23498184
691180805
667602927
80093471
-199755918
56117240
-246323100
-512889344
318628498
428176909
157848165
106522158
23041780
144633618
-482196333
204922180
-130447437
-65628901
395958271
118087140
384761551
-269823576
-262127739
-62167583
-145091609
70316565
176973731
291967449
89619111
-502323197
62644639
454817306
127465595
102966288
-21924646
42879516
-453480695
-339422453
388839267
467182204
-518568506
-309703485
642343256
-152748629
-474314526
-66215752
420154855
285940568
-425412508
210063491
93135461
-464684545
-214238652
123950731
547940587
206678849
-160214465
286100934
155548918
149423961
242384644
-93778227
57353136
-12508751
-310599531
88420223
-185693657
-47175811
358356105
148332894
345536501
-122378854
-391285277
171570975
25976221
-64443006
92945826
17414009
607534460
110674372
-398556573
-29580951
49660297
-322227692
-500187979
92956331
505418140
-63530856
-86952259
166662335
-177648766
26460941
-133643821
229153170
576242717
-173972258
-175492990
38271548
-158108824
67017447
-103434378
279370914
584067828
-106349004
-100290840
-99685140
-191917920
69197357
-77617571
371074002
204368552
-299094173
-32432342
-160430174
-75398197
-81709676
-291343246
370384079
117709356
-347808155
-37710628
-146912191
114788425
49995717
-235874447
442384901
76140451
-322380622
73008271
-18439067
123316916
-57563783
63566098
472817347
-296549393
-64574714
134131631
-312566794
47066086
-79963128
202357844
213622302
-92767422
-15844959
34245513
-188512842
-2311237
-217388280
282005300
272819114
-161999301
-83693360
-210987986
-146022096
149382312
-182528007
139621710
168253986
-320837118
152679737
-14206392
-225249764
171360581
-118783811
412042460
407571824
-245282207
33124534
75026039
139879672
-83245293
-97471106
650825834
237349838
-277291888
132853768
-156296262
89437368
-210758553
-78374246
631580376
-1637406
-335843887
230149894
-233123189
-92952443
-117856696
-159968836
501597387
-100232226
-446986214
-6262780
-168197545
110594804
-66842030
-72249838
295851288
-195483598
-220741691
138571449
-145020339
-31430514
-175000529
-34165931
140873443
-271952114
-42689156
55804519
-126902296
72544753
-197816354
123417009
203524265
-502020964
-54350753
-27721867
-370352254
-79999921
159001283
442702976
-151153587
-363924411
362311961
3058039
-202976334
-268028814
-46181331
332653369
-323617320
-258406350
255920990
-74100413
-269828600
-349763789
248517107
282133690
-472879689
-18841806
98300335
-389516059
-233036536
36460776
374144930
12266939
-293332896
400443005
-51240396
-473362121
-102485388
-111781428
-1900725
-197953738
-44713941
342836919
-77441373
-346513304
-96078666
-51073986
166264880
1786196
249062352
185139353
-407192507
-365853532
-176931141
91943994
-958758
-210766475
-6342154
28977959
-167062548
-388899649
-23750408
83329530
81752146
64064341
189504215
128514638
-460217076
-50462613
198421626
24705191
-142861264
63647808
78501079
-215683510
-104289311
-25630599
-67747078
-109566881
28682636
270856830
-210122411
-319627893
7830329
67925515
236063836
-188969159
140070881
168495140
-298863494
-58734285
324200909
170775146
-162560988
-123138513
318379071
-124172230
-218868835
202863509
-51177958
80553662
-128608560
128803859
16498848
-473230390
-73429574
37833980
-26722663
-145493687
69234708
153165863
-128571467
-138979574
-52397200
-43119177
-52828980
-59635191
165032147
-107594411
-69692347
356660282
-20582317
200765142
4022584
17389592
339356614
352785914
-68213890
-412540616
39414803
-46744830
210099150
287518435
12623892
-139470442
-306969223
174517567
6993468
-178666939
183675493
262295865
-17527917
-217164687
-74344108
12933353
286342843
212559159
370860822
426395103
-125115066
54774819
44150285
-210109810
6972465
301942872
254475652
436285011
-46973414
-216506485
-64367479
106851148
112134270
155841844
217972409
36013777
-48251977
115968283
8035937
-234553651
232502187
61444165
-290138236
57616193
154189956
-60749168
81271121
253332152
-63161752
-237292532
-75904142
-67490809
-275936098
-82652214
20362244
-339186626
-21794481
-368336906
-43176732
319284209
-145798383
-81752911
-255134102
-118377125
81330163
66075749
334574513
-114356631
-243855489
277136540
312663651
85691882
8177118
-77862354
-61704190
46137239
84833622
32508445
57913744
-45352177
-368017618
146459486
290354081
89412050
119274961
146884208
-137462574
-248810473
-56357167
277234269
60299508
-31776878
247087290
184158314
156907903
-114221431
-203174494
134241121
110456280
-218011241
-86717280
-103735448
36597120
104160990
183363127
66684650
226506014
-49213733
-344667556
-16922056
127547988
-231976719
-393669582
355915315
-180838088
-366357425
-296926355
-125132810
-35118713
61492414
351511212
137863761
-32630138
-89705084
-283404303
82171681
-166015700
410142914
209177859
-83508627
133345710
71943667
19208480
-53425785
-284634987
-109686710
119290749
72830987
86085969
119282829
-5136737
-273326568
21691575
145712862
-9350049
-150709483
-72330313
127769114
194148018
60811669
-236196582
-159029269
-287221528
-162062054
-187686690
731049
181830919
81020819
135046737
229062289
120185785
-196051433
-352787287
-34706755
155265979
-48726624
-13764298
-243319256
69198397
-74169751
-52907445
224375006
-85287728
9129399
111571440
-142195294
-129661863
-52812397
29147669
56896856
-29104566
-233126070
227663194
-191545579
-159276587
321299929
-291566911
200066791
263421559
26647643
253692757
-273367315
-117579121
87441245
135301348
54883328
-601139179
-165035406
64445631
115988573
-104070508
87572475
92846304
120721989
82405919
175163991
112127038
-391310057
-244432583
562716928
77135490
-578756568
120688072
220434414
-308422114
-159438481
129557900
211965026
-213630648
166185511
288520807
31496443
187736371
-121300723
-56725995
71895710
-78068921
-93854797
169758026
209423570
31184986
-99636098
237680143
47342338
-207456388
-162744259
-57499098
29857721
113870514
147187034
29425729
265041289
54648626
109434155
48967315
-79168042
-102077401
220880100
296453708
66981720
110226309
54260471
230968395
153318975
92273063
51471379
267201327
-2155764
-103293258
66692677
17180560
124145126
197838883
-89135382
-1889011
16527194
-51117859
8439083
156637724
21562209
10977801
-16940826
-2146502
-96357519
-262514440
-103530847
119521391
109808787
21258479
133395303
-17863362
75003445
225331025
37743049
-81026731
-196754109
-65294160
-118116515
92362938
-133717638
58724043
142092841
-131578156
-204156423
-59369616
87934933
28256733
-99717126
-36992726
86962313
96991689
-192902093
114358262
141281322
196757084
-2025125
-156865635
-7226307
53227675
-38480086
-87224612
-61122399
112308598
55419631
-169649439
-24210106
-150723987
-346888970
-154448485
86982054
-59447667
-17938156
99520899
-37297095
-23686241
-31233143
60994122
-137895764
32518164
-78903611
10556331
-56394220
-26612356
-358081155
-269898884
229917854
246476423
41156398
-39872423
95496984
29798023
93205696
32657564
125543165
39820997
-4339127
-107099549
7738057
285183232
132409962
103049683
-212002104
-33719738
159964725
-200534723
233069657
198774770
-145619494
146187869
-164881213
-183006040
135585509
-233202033
-331510126
-19849515
-10862413
-83857048
-276356
78907569
-140877294
257251997
70688312
-180874695
289597452
-201802768
-273135242
2589530
-16693044
158831751
-164161684
-178864183
168958234
50524034
-34804182
149474284
433208685
-8201726
-160510557
4753922
-105441733
-177854970
-77044654
83963995
-236563634
31315741
-54231554
325783799
272406008
-85711879
57667937
-24291845
72798873
137797236
27361605
-10409304
30627155
-12649119
-24962176
-19176317
-73587019
243969629
25072680
95103522
-68579992
-80718381
30072959
6641978
53885491
-154179037
7608437
132464188
-182155989
108031432
343540278
-19684436
-369149191
-189115393
27892497
-150411389
-216206647
250744288
135927338
-74536733
-3210022
18971762
-76922403
-320811394
150558255
279516153
157973486
30847714
243701418
242176730
30632698
61537433
28656312
106712888
169337183
262589165
72583932
-278127728
-83590576
290153203
134086854
167081121
-254411870
-253624974
-146823742
189535351
43827365
99552332
240611176
-302639407
-102954502
3032678
-49451451
55361334
333545916
136850951
-4153665
-188200770
-173293952
107499733
-37775019
35813400
282430939
-289910895
-228248938
324539035
397072975
-37308561
-187437775
117213390
62807131
-431953536
30180288
-100462088
98055780
-182976804
-59683037
328845365
-312564844
-184691457
13584061
121326832
40727701
-168026526
262959459
113157111
-259882271
-92707378
256985339
-142723199
244250312
138442017
113255580
160172692
18324188
-8598501
113320909
-87825520
-83234415
-16038506
-31120537
-6845127
-30829719
166625276
177563421
-213932552
-269397039
-87710471
-176182740
-478094530
-77690632
147453312
-15803653
65322001
242248194
11255500
-97975422
-368114869
6823732
342377987
-60876212
-102810404
374459075
180721597
161300389
-127444749
-135958367
214186836
-380012695
-394478791
402455912
354476980
-201559457
-87969524
398026182
55646164
-169584556
-163080254
58751997
79834088
-65811031
63375264
290568206
177157902
-395341535
76336300
55364348
188352694
37094310
-62216446
245608536
144767138
-48821493
-105707066
81498916
-135862062
28933921
-54657952
-64973870
36183147
-113517268
23036530
26814412
115098218
102553465
-87294509
147600323
-22726046
10231380
37289258
30742996
54136460
-31716464
23387844
-175045347
28088914
33315763
74434322
-353906656
282026335
58462076
-378484956
633241468
-107601383
-405745053
394135167
83041369
-132564369
280303416
-149465310
-179071068
266913906
208669321
-307319489
107054381
82840193
-328372392
260419429
176775352
-262618157
452986849
231929960
-104453457
425379549
-30913226
-312692410
170009948
-293770191
-227877167
119105310
-224476544
-11174735
92943431
-278228879
-193950751
161425746
-172908565
-10793027
545506337
203425227
131112711
324471439
276490344
112882900
162614229
204645281
-13879068
62404497
122125382
-131601301
-21599402
-165064167
-55330356
-120349638
-116600859
124892901
67593909
-65725274
112768507
14667498
-82202342
115802669
-187465991
-151988791
85627091
-56990994
-152684079
70211523
-211155769
-192680919
69199919
-117074524
-48874164
31712714
-87155023
56066391
188462520
30456984
68092352
-40721391
-43606705
30757141
25461240
-122127915
50409051
155787145
-214661150
-216505260
72291259
-225920098
-69978551
261769409
-32666064
90407685
-15295562
-183180368
-133415705
18156440
-57638296
-175544635
-29967835
-113139298
-145425708
-147220959
-124616926
-42497619
-165578907
-83104906
93367670
89223543
-258221392
51455013
-95780336
88837454
302297114
163559678
-25692127
26794925
-49621933
-94087763
-90377417
2605981
194974779
45861237
-68024173
-74805495
175371830
159867928
-49004065
111018073
-112182244
-156647382
154748168
188467474
102594742
-122296521
-133646074
34737066
114330006
-65802935
-53680603
300406454
-106725462
-146961716
41405484
-104909009
-174839124
-118545923
260215975
-115517282
-213275742
205740647
-82107758
-94515077
158032994
109925315
217434132
-101831479
161833526
395301585
-15261128
-220413600
64900502
-19780858
-19412337
-232835882
62194273
371099636
150713118
-603353
238248098
139142924
69874904
34803024
13617519
-58173745
169904213
-261176798
-604792145
-358332747
-254426937
-86439254
432305289
232600564
86208089
-149002796
-114536919
-78492931
-136365209
-17648052
93630633
122811806
48125446
91028783
-85380595
60925378
263142701
280172213
185686081
102971708
19390913
130977765
-8474307
-116012914
-35522585
240068355
273561812
31013748
-306600777
47869832
-151455013
-236137418
-63185043
-62766505
438250518
-200521725
-284533570
269875176
-129098748
-237083158
-227129117
-94227398
402840339
208478683
-318787036
245334998
186188682
-159153030
35428394
32001904
33404686
-159341642
-91998004
-202344996
-93141487
-135454067
204219002
149615586
-116381786
-488838556
-88527615
218208588
11181118
21859902
77685252
-402058215
-212187618
309377967
44197011
-28794833
-90350848
152722006
554632162
-266636321
-472455848
120609530
11613664
38388055
114672124
-215565411
161457042
881568
-262646930
-101661422
1698947
367878572
-20110783
114389271
333328230
-219042502
101012812
-147136747
-146944323
-47030048
43523573
-264548474
-22619813
26435619
-107080075
249544994
-97709985
187830828
222884205
-293243206
-79182406
287148268
12368630
91547403
136195998
-313036477
371473736
-93975960
-171177625
315784169
105219312
95828915
-235835214
-33179411
121973707
199906199
262211932
-217048016
-82214850
-428840544
-147099255
-2970904
304792625
-23090837
-351745227
205580337
-73940479
-37104246
-34044141
33374485
390913350
26232059
-413284210
160585554
-126502549
-328589299
-222117248
76185706
481398025
-43832982
-50676737
121071625
-45639074
-92117307
-80805864
218701831
281946955
-214993799
107996039
151007926
-358617625
-270621752
-257571258
-54863257
-213205742
61840711
-90228129
-145812735
246492852
-250653373
-152436012
-164895930
-35283781
392310923
208902707
422116445
293244474
-16864677
72030916
-449217635
79990527
578729147
147336898
253823706
75508796
123472698
-13925881
-297757007
34977496
60325414
-148437836
-289047589
-323771266
541674790
30109491
-159016484
-191703252
-96205259
165866628
145156993
200150166
310776921
-148203632
171204154
-71095162
435573538
575111677
96378302
11456052
81157002
58552622
-178851169
80870998
-110640237
-26144782
-105232963
-136818580
261754265
197816710
-314837316
-24834177
-232318201
-62603690
49109670
-306602241
-127426795
263872642
-180872270
183384206
-114375927
66097721
292452023
-154951658
-452742407
130309870
19020041
-247446104
-224979597
240641225
485186448
-242062309
-257127401
283019200
-53985103
233108015
199272032
-8399118
80577994
-65457136
-75627248
84086249
57579217
-184451999
94131102
-279076018
18787805
-32232794
-121354685
112368006
-252406968
-501402799
99834722
484319593
-272977857
49140117
78416571
-638397065
-103273754
-78582428
214471505
73311110
-227841768
-54233156
968376
-272774403
-58361080
107932138
110847949
141025825
-179140185
-185468256
7605471
-97751976
-22655186
228702863
-96982969
-104866177
-2508467
37798460
198145487
-48054495
-243646145
91728980
-21647976
22816999
-156905141
-138050169
-103099389
-58044036
477433321
204552498
-259848281
-192352456
263416844
345714432
-106248159
-292983181
-44643494
327001274
-238475098
-55477591
313383124
18814437
-151150627
-315158758
-164821794
75982793
-208654206
-227183489
-13237290
256032417
174399482
15754043
6545878
-47331438
11516217
215976187
-132790707
-11330302
135859884
21993889
70591443
-31609532
-20673816
-160607196
-237549017
31122442
340561292
153472020
100568515
-138974850
-249671162
-82964786
162679575
181420172
102786899
-282439796
-177719609
-197800213
34047281
68202138
34404387
37722073
-279356198
-131713604
183745013
-158419691
-163885519
65724549
-36311860
143135068
3612420
-6257251
79181028
46524157
60739975
281783167
222201597
30512899
95309616
55471776
78338211
102460628
-35699725
63792661
139889483
146277054
75009867
-80410142
-28544831
-136940952
-213239384
-15933509
75596251
-208010626
-74495652
-22891906
-178715426
-15985128
6752984
38175352
-112116313
-79815447
-100304129
-52240549
258926906
136860375
-26092705
-486861
26021166
20703086
-14423901
142898026
138161032
-27271627
-58407650
84087463
-37689869
-95442238
164404159
-65244103
-120870378
-69459677
-62072911
69804732
-44047077
-100187800
-182761948
20847544
60716310
-22341512
136272007
95224426
121003013
120727143
24458482
33277962
-5939767
14235471
-7312887
-113816700
26077138
158571323
251191910
251361760
8627359
119444076
104435907
-21303559
-121892100
-47574075
22183156
21788810
254096563
71512823
-57726269
-50439488
-104187142
86148648
-26307204
-170466788
-74276306
46370638
-1439180
64824104
-78923493
7708782
193542181
-20757270
87601530
47403939
108168432
37456002
120450750
109793352
92887742
173644075
-210911214
-91947408
263547538
-2369563
-149309084
-57966424
59238386
-18737751
-64328511
-16142475
43547170
-99025768
-184014977
-86757310
17165310
-177039328
-93950778
143151377
279817591
166271279
-60106537
16472309
-56092314
-142907916
-11947006
114460764
-6263679
174261375
-23876772
-129757697
204180752
24973756
-152066381
-65543454
-108522415
-155107125
142937188
89483666
-86525868
-206732801
-42424375
60920434
-123517917
-12705918
-40909428
-185393129
-258492253
-120666690
49446278
150994011
39944512
-246065623
54407272
44867293
-57625832
65886870
87272571
-5069092
118791073
82158602
-28017914
-98032916
223128654
99176395
-95399687
-35639971
-186438433
79696605
46168814
35697778
174686363
6960201
25530170
51218196
-28889424
-11687482
-80311097
-112112669
22787048
-189082484
-104613963
1021405
114448423
55805994
-123334208
-19240153
137915092
-34385366
-106268427
-16777979
-184881075
-118922479
27140043
-58818752
-60469232
-64482179
83567802
-163745624
-329094395
-99517942
29027874
-89343417
-109243481
-177942327
58496326
180553203
-90537123
-126564577
45228617
46627677
270000258
-15778290
121428424
-4207405
-145524545
98223895
17163880
166317612
165350088
98184259
-71044906
128684634
-17950712
-54340370
-13734054
-5687500
15616544
-39021530
-109206134
-69209395
117513202
59247280
80408631
223601980
270220193
187414954
-37027886
90301409
214543611
33394888
32606286
142268721
31891603
84640476
161319515
106945640
222645609
90469813
-40018833
166850
126520061
18595272
34931282
15380520
-115584352
-83920677
-39068197
5120138
-111017883
26281423
-23343410
79791216
71940022
40707521
24709191
-121692743
44095029
11966730
-57863270
25347554
-46335309
-66041285
-94510600
-26537797
199674148
32221126
-337397630
-83117388
116620401
254577523
41282995
-80540324
72647439
-106614765
14980492
193749065
19467586
9341284
-32819778
70178442
82458033
-52420694
-28104143
18524685
-94301006
60197444
118365992
137987528
193468021
136055027
-67880411
-161523404
-120121860
-141705124
93854633
-67636027
-182772262
19922587
80251626
30205408
-20323245
102173768
-31917484
-38804899
22632116
49229466
-119101291
-65018080
95833288
-147951633
-75285016
169926762
47328906
-151753664
241851225
45210762
-37278188
62475034
1867820
198241872
-16532669
-70561675
-36974203
-184487953
-5119604
147981044
108270197
46194224
59799499
117742970
-29779886
14426641
42133151
-208783972
2810924
46637442
-90828571
-76206053
92056581
38791157
-28173229
-21944935
104100827
193329834
98700433
66362842
45255974
139068259
101832062
131254865
145230158
216047844
16247165
-53084395
139230572
111914219
8997639
422880844
3932577
-242655185
-11460052
-384888233
253747830
171020441
-364588586
132898282
67241477
52698743
176405492
-55366411
-175604608
26074666
267919210
-83220313
-145997321
-212915542
51843562
-17277510
-270060015
19231675
76243630
63070055
100186131
-45776690
-23268371
-130215272
-87084961
-75368599
-22295687
-34687567
38954715
-8237086
165024300
93150993
124426797
-5371290
9799529
34332319
158367711
-2601570
-64173637
48606084
-56145568
71349079
169587595
-14548842
39859877
6685817
167505800
161427175
-130085119
104317867
174915745
-39846603
-200476199
87665817
72783433
-65873939
-260871727
-57275110
-187153336
-214826504
163768506
14756302
-141796852
-91134246
-57179572
-261080725
-53132881
151581137
182264198
22745802
135740998
91373852
115121083
50686581
7713504
-26400881
206684989
255116124
-323291881
-215175606
304576508
115070539
10058082
111919325
7276229
19189069
-38433728
-49567337
226291693
-148282471
272679709
91829446
-375627192
-243017167
-96707355
-28181651
-177328911
-222824906
-182347369
-130339478
-16204714
71830965
-64918715
-230776426
51098956
143126026
103572737
-152258047
-242556024
176670859
-128171305
-256203809
-16185184
43480637
-157489669
-279077844
-91574367
-182994186
-77204910
-2622741
-106278066
-44986656
191487742
17895293
52685365
-139283350
-247332085
-216909333
-230160719
90275343
-25593311
-79924907
2341928
51814381
209408439
-225629372
378795565
182835272
-440206486
232031569
69241282
-234327634
178693138
110699635
-352406111
-60849722
52044155
-147501956
-48009482
327322994
-148002875
-99099558
33383099
-98844482
-307759987
-102289032
230007191
246362698
-106410483
-131620905
106175974
37114192
-64380391
91630003
118100944
-23655989
-135701440
-65589794
166994658
104720161
75744931
-79470738
-72176702
-15231436
-241416097
-214923031
85224358
-804414
-9423199
-48214312
5936968
-6615177
68149465
215233755
-56687139
-111667196
-19387649
274593601
77276898
60262556
147292615
-144806892
129564119
249114012
-223018674
-104898563
24490954
-87886525
98211318
-81895219
15886927
-7284309
99361410
25362077
18654741
-23167050
94130277
151397550
-174332944
-2132924
-31999773
31994240
169168096
179675653
186371364
114759600
211101639
143393117
16275181
-147118518
-32036375
213331098
129301270
38637628
39121353
320730612
92263843
-240893435
-7008880
-95012392
-318413093
-325108799
62370783
-171105664
-162566886
-96129941
92635615
36844903
69500194
166412483
86542273
87581096
152169706
232928768
-11780999
80327167
45407694
-7385621
44256275
-235879894
-211586985
-64080566
17332828
-178113420
-129605419
-25034891
-265432747
-215302707
72775018
-77902639
-258163868
164191692
179166422
64237862
-90378595
-4463524
48627710
34482546
56504815
-16069580
-105986837
-62036952
41115811
61667594
29178306
-76177662
-73954465
22199723
64696135
-173043453
-332962
46315471
-161962793
64327827
83061400
2713125
-119629436
-147577391
104098190
85739742
-29222969
-49456960
-58267517
-901148
66427906
1865077
-40384776
47987940
81228502
-94085864
-114219204
-109971954
-57899058
57472625
85185490
104484795
57022038
44004300
-175533142
10693141
112052439
-49765513
-65632455
76644157
-139329423
30549781
36483708
-94251256
107487998
147017547
-80666812
-52033261
-40404799
37738969
49964403
-79882093
-11759502
63424124
65130520
7840845
78072050
-1412737
214194094
142070105
-37219154
-16112286
-300468171
-166590535
219206897
32394523
-407719304
-213331054
211258041
-184459963
-165559497
4616159
-114175305
-175819634
97307574
243885560
26323613
44930781
-257588137
-23760858
2068652
-113307084
-142296723
-48968347
-73444065
-34017936
137500729
40079153
255127200
179754273
-58854603
45201641
-86771094
-108659178
-64700121
-221163622
-149625213
-118662790
-92903445
12750064
51694787
140761389
-26393128
171877320
179008403
-119609525
155357822
178796508
158775304
52821036
-63163823
293643019
157111560
53030406
148823026
171709447
44672696
12818843
-120141107
-10980853
72650211
91063444
-67076447
-75095284
72733063
-36739659
25142591
-58029118
-361054095
-6895839
103332289
-259738328
11777258
135528688
-70992970
17823951
-154835216
-416554597
43647010
145159266
67824883
107639149
108833968
113640518
150550895
60301298
130852224
101578454
-381776
-12927195
81922035
184307747
-214165917
-57987927
-105917723
-110213613
-90221490
93501785
164028983
-157960492
-32051507
-14613036
-121947370
-3504527
202692884
97309617
-471277623
-95493677
175485971
-98739152
145944199
261273800
242213919
-335383711
-425018734
181469314
-60752390
-235138855
-16491265
-56000629
-54748615
-16530910
54224595
102151985
-281989787
-270183002
-72515090
112675693
207971939
-5137337
-116394435
-198581297
-11956363
67656391
-88494367
123092685
-59940594
-132262903
319220381
76056465
-134018483
58237752
-242755379
191526076
52494621
-147180220
75819056
-103460672
119264448
-52872361
-17703702
155743705
80951270
70269269
-305508167
37709639
200111565
64753922
104382087
37688056
9930125
228580120
202284460
-42672131
-62641754
179753012
-42104150
-121563511
151010172
16285896
-317414638
-77636077
206413538
18818855
-75111109
162409740
-174923121
-235418874
-74816258
-138493432
-327715337
-418008253
-353566177
-42407875
54108837
-2532304
-223760350
-311596799
-266214594
-144658925
-115625198
-69140470
-52772643
-315128006
49398200
-67528399
-109250646
157385635
35397891
-26129821
147758980
-6177002
30623798
92087285
75690374
222726112
232309815
148150833
112734562
174546443
227710043
188941368
146866756
26507732
219983735
-15138236
4694794
293967385
61268856
-35705157
99623057
-40073531
-56082795
192965391
171022030
77887566
150615611
61763123
-78410161
128704321
-17963697
-127685679
163655
163808565
109252633
-136251389
54252093
35074560
-165696909
-121841167
59692571
-62266090
91249744
97466091
50379631
-5227353
-60074062
-8325642
-124421366
-12259571
-21624851
65028764
156457943
91277353
-45237061
165617581
-109464835
-152210452
3998401
-152112435
-117915935
-55689861
-64305593
-38233047
50140906
56823983
-117655858
-1247971
79382784
-140049635
-38155729
60353236
-40820910
-90605532
-8841180
20672723
58776880
-134162844
-41420223
48651626
168095119
214011695
-117881623
169197005
47264799
-166262390
141836666
6909976
134435148
-15706870
63296585
-119447330
695728
190644002
96599512
99549513
169163055
104919836
-361608867
-497374408
-169413979
401829649
305837756
177666775
115069014
-153096471
-77229575
38258825
84923447
112154712
-126692183
71304307
-65113164
130322065
63916720
-404439294
-139898914
-77755949
128587232
-49089977
-198612782
105713768
176456888
181469717
149173392
29041033
-151643752
-204898157
43267421
24726332
-112105646
201339502
-27262260
-109205355
21712265
34898790
23067937
15664634
-139020430
-14096542
104213819
-77362950
32619739
1360751
-84079234
-62388020
46355978
-167348781
-5413420
144499520
59223151
6612190
47175413
-6672835
-53543389
127514258
166172041
206892757
-75933565
37181459
-12574342
-138795714
-17394085
-200241574
-62210873
135848394
113605081
-126576095
17059877
37173293
-122836459
-16878624
-41651163
-80709435
43599905
-24852969
128879976
23334470
-53516316
89367035
-67126613
-33435072
-52349385
113761501
-32365967
-19661385
138275185
78271291
-112870315
47841050
15418063
-1041289
-3451903
-1830575
-30639496
-217938380
-249317794
106177029
4391099
-123837256
26975601
25063526
232734609
87802254
-74541362
-270887409
-232352692
-83353783
18268416
91640734
33167391
-74573568
-79546095
30030683
-35164301
67309228
-252439769
-308273974
-103381068
-97109734
36265764
92992568
106436438
-35088418
-119987204
10419709
-19020968
-107069921
-104263104
-38236149
84512658
40065966
54362298
167899746
24909769
-21890639
-41943011
88105014
14036099
73834023
47633201
-82062795
-16146844
74223849
-75313656
-135816580
-51316264
-132349155
82976927
103493745
19296939
58126959
134399862
241233227
52973771
9202170
-81059448
-130524889
-33188866
144678322
-66527196
-159000576
105944238
133536465
283723488
-88896522
10173856
102133660
-26921762
-96757344
-6748295
178778139
-83379745
-129635597
-92276690
47586379
-59342220
4920192
138681657
-194798510
-230344142
-19915901
-88762702
18237819
-122528224
31881176
148861004
-144641224
-81110306
-1150275
-20617605
-90302636
5731900
-109006431
4777110
57271313
157794977
63711150
-114052967
32250531
28084030
95942263
-189268174
-229310608
35766843
-109353281
71975715
154482565
-80186351
35077865
-3439311
125005988
-142758583
-88622640
183791599
12746890
-211539451
114562790
104136110
-45615722
112637224
69575532
23599287
-84900220
-37062404
198662077
104768424
116037128
-40231250
-230874808
2220853
-9250769
205482603
52364993
44738390
13828813
-166391339
-16311275
237123196
-28716808
14729549
-113112700
3343481
17514916
-118839037
122872181
-47422828
-161334548
-28118542
15100587
-142102704
-136797868
-26045391
-80598645
-9554537
29332407
-110738460
182457768
107643063
-228981637
17165362
49480815
-17200937
-82302148
-72184599
149631268
65192611
-31250640
-56676655
135492993
50689256
-116648546
-50376776
30594078
126676331
4503474
49194565
144029361
168599011
16291710
-60584681
-14386572
17566421
166177359
29167595
-123687305
-50054467
106419605
59804801
90210236
-26198480
86027635
-61214172
45445262
73711991
-93880682
16426668
-42493424
28636355
-100016101
75746946
49126031
-94973783
-295819522
-161399314
186112752
-44020052
4600155
58046447
120940111
-26840149
74795191
-6743921
-16316509
89143169
168337681
-89025463
-105330699
-30153512
-338085
-28306839
103534220
140484145
-77413888
-235893362
-165028864
148157218
56490412
-140558094
-130308226
-80492015
66252116
72217281
130569883
17715615
-50594999
77136468
7889148
-30029144
122158241
68276992
-13039843
49622555
69926197
-63204167
110888526
30926363
127661699
101889676
127135668
-136786942
-160108872
-44591826
-93770233
-68197620
-144017128
-212626243
-205321057
-409498
121630843
-171385092
174537026
-1645759
-77166093
-69579255
93446921
134074940
-19614665
-112253116
62848189
46117705
94340637
153847370
-29069541
-102175038
47601312
65105458
170092633
-13798698
105933122
70122983
-6463794
16729086
-139270543
-59838348
-123724798
-234927209
130665224
222071941
-23122733
151667753
-149469021
-156526200
58128974
-119837120
29402384
127803291
-56056317
-67799895
-13944688
83355272
29994379
112129714
54779785
-79774435
38950313
39301672
-67501313
62259826
-36750786
24031359
67462963
-125053597
156124026
129432585
78776686
124677200
-250721575
-33031534
233290337
77099955
8318840
-63888109
-60099375
5649844
-12970978
146290530
-32043028
118504472
100107647
51461527
12806795
73544047
79136185
-49227929
-178426397
-236721512
-131694194
-30767065
84206826
71486848
-144881025
113658814
192802243
65316469
-51269656
-55232220
53968532
-131789472
-122079733
-878082
45519951
-22578008
-134423783
78289383
128513813
-85015041
-135229449
-38180268
-1053826
-39307198
-98276156
-289978392
-188639487
-281478654
-139327202
79369943
3049976
-12983977
11130498
77796705
-144536165
-69975165
90319573
45628411
77196205
28780780
890898
16817362
-103603350
65549226
169481399
-16925272
-6452846
6056641
76827162
-71622585
-33779567
58817321
19339136
-80887263
103066342
135568294
79966618
60619739
-147612439
19807952
-66704926
118967919
94492652
-43145125
-134760038
34184742
-14660652
-150714202
-45752233
122375174
134273785
-23423489
-40129943
23288067
16602512
-126542461
-14455450
-107108965
93694472
145413818
106868307
-59600913
-61904478
-50565080
-123022698
-62797258
106753018
-10831657
-241248920
5088501
45702937
21360449
16826295
-174010427
-9523256
165515878
-35870600
77983398
-69407699
-49456007
21134237
65283203
66902295
-192894733
-78711488
-112372825
12978147
60726505
-108477938
-44524277
-14050659
87203832
172522042
203830635
50261683
55722136
-8500468
-9328038
170954784
38902414
-58208754
-105486954
-143463904
-15276330
6248586
4851213
-29295400
83065894
-9382860
33813317
38031783
-75815319
-174883582
-114822270
-105363188
-14060343
61498501
50128635
59361453
-18726171
-46223564
-5829841
99301393
71548512
-78865889
-240731863
-38368614
17500712
52877553
175014574
85600192
-318202618
-193739747
234359548
78700141
-2801006
105236915
32614289
38122843
100793063
32408471
172652826
-12225316
-17927518
43780792
-92694983
-56285250
-164987445
156029181
141544745
-134930850
-116017217
-36177481
61649013
6424325
60086704
153109372
195140220
57437462
112643404
-15215399
12296889
-30388317
-91853061
57548217
-9258877
-117898749
80221478
-18597046
-31141261
57549163
86326723
199889091
-172010455
-291312424
-52146029
-39357666
33505915
87872168
102509260
47534939
81957728
143488180
-166678686
-147763919
-64276575
-143107297
15236025
43370385
-158312864
19607157
-62028017
-56687870
11597371
-48620406
171695982
48081279
-87335168
117508980
-68338457
43216762
227250818
-159120710
-106097580
7978878
-271756047
9045644
182807176
-121252927
33502573
150437297
34768388
16315857
13302562
46010854
158007714
-23708336
-91310060
135085347
-79481923
-155629751
-88817159
-10038380
23001184
35342474
170790294
-113353401
-60924192
99854253
-73161932
-116333269
43918651
121814416
-109914233
-101879627
-80034307
-71709474
133309154
67308460
-156785357
-47891709
128126769
58048854
-32918797
38909322
126842288
135366064
-43513849
-267400662
30760669
96052544
-110904821
61590671
-42141712
-136664893
2088122
123161867
28786699
-139591274
-64055189
54293798
-42529740
287291626
275441743
-104390127
-63659124
-57768841
-6683113
-261869942
-273135740
-158391023
-168657691
15446379
36945247
-242335392
-253091512
-111819721
-195570202
-181771174
-180537902
-142173667
2733316
76327252
38919265
145842736
-148432352
-358887381
-145641378
27850550
327333438
272650648
-103977700
1995768
-55770142
112216234
335068171
-286870147
-182210928
-103319651
-86117154
-205073669
-134301001
-218168159
-102541598
-51307578
-47218290
191429761
365402000
99967747
1379019
204994350
133033034
-31364186
-243100883
-37254671
-32574662
115575194
205994849
150040665
266393035
529950424
428499262
313932716
365738793
37297947
-159284907
-106910717
-196766178
-359176926
-281524701
-469758717
-379033193
-298721472
-87824429
-25993206
105375076
340952925
326169229
296755393
492214592
707899017
364630055
260179855
190292201
-172537086
-158419587
-275911169
-266609734
-155122884
-290328227
-337850870
-347462628
-336724882
-287032239
-86456871
189543464
14068162
281936752
444517371
124715369
76079565
162081236
251186065
-26147198
-96542589
-78205066
-83715743
-146308466
-102563847
-71612909
963537
-73995994
-173358379
147632429
8290125
11707898
92922375
-39499909
16099124
106549140
215714437
53122889
101627094
145741075
10092583
175407056
90113131
21988756
-117842486
18002124
-52427970
-68572881
-157400365
-207941447
-62850801
-7752548
-8581846
-5938890
59789366
236845815
226814980
55769651
8271365
304642896
434728713
-79372969
-151476647
-66219549
61432591
-169564319
-118219495
-121537091
-133128234
-68545352
-63279007
219740389
141254614
82570829
-8588578
-99232266
21006126
-152650196
-119777248
161972594
-8469138
82908035
46262366
157388270
105442777
-51067094
-106752637
-47932706
86723224
110158085
26978758
-18141529
8616648
15512277
41852117
-64460526
110535594
40088291
29026367
17874539
-78619924
74773190
14402543
-145339599
209319254
261519687
24990683
44557957
-93765885
1263131
175806990
221083310
-2623343
49526419
54957637
159247506
203326918
224936230
22062576
-15823646
136921570
-33896894
-278127340
-46991020
15033418
-118255674
-203854908
-190217836
-45118909
-90998087
-173931383
-244217110
-283111786
-498021093
-199945093
14564097
-487203879
-82584009
-53169187
6287006
-325123688
-309561699
-58136023
-57368742
63097506
-16619279
-132645992
-224296070
-268541795
-261312133
-168786750
-89647589
-52691323
-147356313
-91243258
-51653566
23806011
127457082
-117065311
-46841790
188242418
423450865
163273702
361082323
366597316
227520328
-25411091
389647190
196891365
-37462330
214055603
225467380
159492544
120170085
122635726
-57828362
-144973388
-235651137
-329590552
-127353729
151420374
132245764
7111924
288333200
243191117
131730267
112314135
-12271260
-61150095
-132515365
196454995
420096748
410193169
284009624
609630920
76537829
-628078558
465951310
261621505
56458502
150252254
100743626
-276285357
-63842386
313538608
-88838750
253580516
623685879
335084549
339348583
-44825024
296691588
420934004
-152416443
-146920864
-23416919
-480981717
49636520
-336806377
-154065268
262932969
-748560832
-148283385
298318665
-614861177
530287585
-156550005
-482413063
310962305
-22204637
8711063
131282305
115256558
240083072
-105205388
-363902311
-436807004
-359611562
171378331
-216018096
134125537
216618626
-46856557
-15171817
190497983
-241121632
-518472568
107198305
-66748983
-192362202
197882497
-365647291
421199020
591998585
-433806778
166403690
413091787
-193572003
429828170
91112826
-499930166
-496871632
331931245
377341600
-275072137
47328303
-156134072
242484956
-175413892
-372656148
102803008
-147634801
46132769
-296585075
-458868543
181124291
103616065
-437146966
-595529422
-581215706
-589864912
-154870528
-139341132
187333818
353095803
-546010978
-529506700
-296001588
-369446211
79364022
-243641059
-548269443
-306807083
38836560
234052951
231731183
7805332
-171208040
-124408976
51657185
97453717
57078021
313800348
143335103
-174496559
-241336567
-282237825
-316042069
-151959408
-381379462
-481492492
-372416817
-158407824
119156240
262421793
85376794
-59341785
116430802
188615634
294138146
503770536
416418197
331162335
357076338
240307482
565795347
785638190
488803752
681254284
724246590
279941196
72846937
22825131
-207004010
-441375618
-580043474
-431175321
-419871883
-293476355
-242051690
-324051492
-409670400
-340340526
10854299
204109394
376329709
432191889
363105157
397588427
237198742
98780471
-78511771
-114833083
-204260176
-399109306
-225419223
-254814542
-595931734
-541349814
-286791706
-259099403
-104361052
116106424
158007283
294439239
254316016
232704231
170014758
131697310
133685703
17271678
-124081501
-40119978
-42090039
-12075280
90073526
186585284
170813227
166529486
252755758
45653440
215035815
392454304
286856000
24012986
-140566360
-43377746
-42710529
-180456494
-320603158
-283856655
-15527983
180960950
105968051
123597530
121182625
6145155
214837150
279238103
77637690
26004395
-41975702
101896224
64450284
114063178
19297870
-20088774
-18207144
-35403925
-93196728
-186258377
-75098226
39411745
183226059
89922758
-125246494
109796433
-49676675
41072382
6993913
-148438238
-144574486
6265809
241103415
-39816513
-34037241
56030164
-35096817
18887925
-182000107
61139866
104101922
12451612
-63209858
-147938934
-64788120
-47512616
-67990906
-17254705
-26480645
100901626
100618744
-1729371
77030155
43034679
91858638
-5075165
90377082
360396472
51391003
-44584070
-51370900
-36831919
-71850159
-18266459
87876143
41053046
96982771
8322846
16161768
17533949
-138926193
-152844819
-98462319
56339207
64371422
-29299578
-8098581
8806446
49821424
73119661
27168723
-114994405
-136833359
-138512438
32028858
135567495
10005032
-121808743
-89851733
18011442
-44246740
-75713402
-22762521
-102364603
-244704578
-72879894
-37706652
9459862
-74944638
-28818321
-175477592
-3922208
59184882
3947472
-65090134
-142185449
-17680709
43601247
138126721
-132759448
45841566
23205510
-75287873
-215946886
-54513629
30993781
-53186463
-66283946
17990659
89988594
-28256855
-113496227
-110557073
-7014713
-34514045
-82716511
18825851
84399927
-28614439
-74547869
-10623813
119731730
108233620
28884295
193225644
26362569
-112697572
49889170
-26976818
-123695263
-10177365
150988524
149310482
42285357
44704655
66751671
-143329152
101641716
89726460
73119868
166332452
-106911800
75114854
18923585
-20456280
307441012
69741407
38954754
116821489
34002375
163675385
200758447
-22648122
149408981
55126822
-137278148
-31159026
379548
119594285
72380284
79478382
-12183539
108956578
270582902
22935956
183403431
131622542
-12888267
32140431
128807014
120037973
128112071
115894567
12593096
-11098346
48799253
-64715590
-54981884
109925882
-104409580
-190345601
-198658726
-150431900
69438811
151142427
88015615
-131806628
-120128202
-7929844
-113430043
-55732786
-76599703
-61548599
-79088632
54790371
-25616243
-238760479
-151758380
-223665008
-342724100
-127908419
-116622989
-26027607
-39273902
-37339471
-14235749
-68334397
-68119672
-72548549
44172654
167715967
47151984
22428675
-30052695
85067212
109087990
92787891
388571134
96480869
-11059765
-96851143
-185105044
4602044
79610370
134020563
-106235979
-113882471
-85977556
101394765
21167694
-9149023
6006923
120842714
148019277
-201080485
-127159698
53646064
69015162
252708632
40426190
-48339934
60406946
-33060708
144849992
50180147
-127708606
180119204
165270013
-107557413
33609752
183473870
5193661
-151099587
-210666606
-171964436
-33662350
67744742
-63353846
-253498451
-224818782
-53711939
81640492
72747567
24161440
157148109
139206345
-85253203
-11824614
137911889
-107456077
32778894
-53697871
-200996712
104978425
339102105
-85610049
-179614090
-75608848
37743038
52672934
51261981
173496053
-17299621
-91993327
-11637232
52260089
3930633
-54355516
31338536
-71480061
-8810515
22561198
-3154682
21758620
-71158370
-128837551
143334787
13885839
-211101468
98112207
185450915
138278749
-78735901
-110283351
-64177534
-144466813
14178486
-19420847
61636446
96179123
-81005817
-195842930
-66694035
8390898
-93042192
-118730986
-32629565
136151725
71283974
48838465
146797353
210229245
73343341
-142897641
-35308111
-76847334
-149518551
92647108
-63661950
-81809131
306817099
85028070
-179836009
74285954
64115526
-48907946
-127507046
-10919950
94224963
-392476294
221429225
25774221
-271614503
161845563
133256242
35527393
-115452311
-202801292
-303720216
-39956309
32280570
-69234453
-40995089
67860217
-26139185
14375822
-4319547
-97593438
-22368951
150133173
210247982
-39622801
16792168
32406020
67105885
-37186229
-81747223
83557476
45291222
64249576
93479851
98180125
-138435512
-171529856
-4922674
-81495156
12903861
259097540
187672253
101132013
171257718
-34887229
36055870
25661534
37817658
160190502
43329079
-4114353
91917859
116010750
133461942
240904153
147234804
298194644
67835500
-104256166
-19204926
71503115
-73945911
21492240
182341695
33204549
-75361329
174024460
57871776
-118713262
-19422719
-7498365
27813315
43524850
-44682812
27567484
59284699
91226761
86023623
22573798
178287432
23320502
259704467
136924577
864597
77183635
-151023532
-37626808
63614557
55771921
-67884602
29929465
81847142
-26069693
208844995
32424412
164331308
-46337242
-368516213
-164875339
-148582845
-112380369
-153645505
38381902
-134357838
-46021119
104494973
5286411
-77758473
-62007588
3278654
27051994
20182836
31023430
161313102
145074683
-144199677
-118166751
30428733
-56978123
-214153732
-276210568
-231689339
-170810556
-111808657
-299514753
-231923613
-112797350
-175916994
14190250
-246577905
79061326
-36165988
-334589785
-140093875
-80080180
-159323748
-97044323
2316931
-3634131
-51340688
-145284
-206990290
45254520
262859613
-225801418
6272684
157133100
183624945
138784886
176155780
287816421
317893559
266965265
217623112
311057887
367694353
298343840
187621197
386364514
289354538
17534689
-28536012
140909377
172225487
-68903139
107712402
50585114
225814866
238875219
-71459467
12703514
135116477
89771328
19212105
142197365
41846517
27357811
12409146
-136231548
-160235154
-14416258
-43185029
-363695072
-458177348
-565493074
-719673516
-556217522
-441436380
-470144892
-577986904
-821306423
-307214496
861383174
190383234
-692407207
-382980523
-260722893
-132241332
237165373
80291344
234333384
353967901
585383607
493594398
-557341112
-652520707
-740807005
-587524072
-445187096
277420059
466838217
330838203
-84148812
-182030717
-207219297
-512451571
-527776061
-301732997
-105279066
482672520
722378045
27523019
-130130151
108389727
395299168
141233526
-527537210
-365528920
-37627264
464981873
522941140
474558334
492046463
448585030
-155976687
-368644179
105226929
-597643587
-194213990
238630193
281639552
240041784
-103001553
-4262535
-16322938
-252057067
-515528760
-441278987
-86075376
104222669
-115849076
27106190
-123923645
-168498092
-279861989
-767211765
-242055400
-394321852
-580387732
-278242895
-285131546
-265444099
-391303382
-493590251
-406474069
-351381576
-275323638
-386172713
-338307253
-73540351
277846845
352641399
587293351
89080208
-561236075
-648628931
-794163702
-35074015
648750868
551665368
468599136
297687130
522689850
290913067
38461179
-7775442
-42461520
-163564409
-39203478
-306655544
-161842670
-92350212
-253066833
47836532
-90670756
-53185400
-86221263
11369797
125025039
-50781068
4957031
169792911
7274483
245548343
536097218
380847239
157558624
106143304
-86162241
181463811
165820102
-11891671
122760443
-17445600
48581774
207645147
289438097
260100672
30487316
-56408016
-30080672
96982952
-172421126
-137871501
-15179512
-90970350
69706887
-160695643
-311685877
-49678074
-183399548
-99735281
135964827
23595847
44733861
33608560
137467808
458879838
349087645
303328491
-2006525
242177876
233495424
67753866
317519010
156295360
-15832014
125063521
60504329
109344104
101154436
-80236088
55090023
-1459714
-48623183
36806300
-128087749
-70328987
100182118
112981370
102182750
-108381262
11876061
-25338707
196022566
161797376
41701176
-176246744
-90814991
-140025577
21178254
58443348
33289354
69450706
-187157228
-192549422
102669405
9462010
-151365163
47486900
-81596453
-19531977
275498356
141451424
-97639480
-242762060
-275525898
-49839223
-35908933
-77098153
72603071
-51637819
-226697958
51764559
150998638
-136743268
-98667150
12015786
131424536
-68449
96657790
7431617
-6962672
35644217
85848218
246407835
-39798308
-28652868
-676515
-88222597
75963653
132277375
-23203289
-66170800
-37263126
-31406377
106718525
-11908961
74280674
90549728
-9997861
19858164
12884340
21173099
-94399775
-101223251
-22433192
195889375
162918751
-2068991
102456941
119566977
-33806837
185707815
136259084
45370143
18214955
-11482403
-126653507
-42746548
-48760139
58612779
-16096846
-59334992
22612006
-28212420
23010972
114725948
135337619
-113246873
-203393534
-12550799
-130596073
-45313566
43790000
148137044
108750086
-33222264
-35546221
-117388218
-23461436
-37843298
33107227
-31318752
-148540642
76996766
100288386
-74544075
-72866008
-186294694
-288935837
18251292
3738332
-148947094
131209262
40954844
-5517473
47454340
-96082994
-69960103
-6275563
-150012003
-4382128
139769363
-189433051
-121829288
60621716
-137839393
-67527717
-112718648
-178644436
-112233400
-91517264
-27738226
5263025
-70541412
76634679
30222261
-81887417
102632702
54696156
138726140
38746807
-146997342
50780121
36993650
-82811680
65132647
-10543903
-111278243
1204214
231664941
62251171
44464286
111396456
77655437
81532217
96007468
7710193
-7315961
107014409
110719395
62176856
-29095439
-143660971
-116001214
118542212
-54808294
-136642471
-73403244
131144074
282428088
57348126
-2153682
84525540
76916123
-69638209
12559862
-48541604
-57731932
78862021
92904872
131106557
9264120
27653555
37775678
-5707838
163519868
56804105
91723247
149392145
90949134
99634711
50302480
141678486
33487949
185247175
285009525
-130503221
87939645
104635167
217558688
209508192
204575010
266769843
301000586
151339641
92382348
-13377895
-315252850
-353108201
-377160731
-366850379
-110462121
-67856219
77743980
55023417
-23245699
-182350443
-158317900
-236793499
-129880769
68393287
-28731712
138489791
255752819
137908605
101533319
85081722
185465147
-54234067
-136285864
-127177800
-33683372
104842471
7003546
-88141379
-173023190
-153704422
22705194
-145121688
57290553
30403860
-326430115
-144425470
108869872
-139978878
43016798
232334684
3328325
19660708
-57049173
-43490976
-23190089
-140971597
-102725228
75601474
135299212
-13219114
200058344
190528432
-72301215
-36625261
-13699465
-58168646
-36262532
16725956
190010816
7250484
-121457818
-6780374
-241844928
-128946528
24043912
-3813374
38476100
-37876645
20447472
-84964692
-91112888
-119845029
-164758596
-13444815
96382839
-14650545
-66338460
-31702226
100151424
153825997
80045290
999406
-59775516
-75832390
-100600812
25131837
165403644
-164783449
-71439791
118658270
-275502470
121557249
177388667
82010289
122519879
-128916162
-178650753
-248232421
184823428
45260238
-236022684
81374915
-129392332
92237745
22464860
-36371951
-97292651
-120044
90713392
35940310
-32993133
16230894
-69856820
9349663
188562416
38790953
-17388188
206801795
196747964
85916134
-202231366
-154646761
157543669
-129326465
-367696184
-227420035
-129006797
-43067466
-67725215
-20486792
138468440
57786268
-37623137
51567135
-10991454
145538056
215512690
156375115
34743502
77800334
142923906
102301356
63896410
82439936
163556949
240696365
142948083
35650617
-107667836
-98910847
94797638
114172191
208780589
36638523
-125080511
7049456
-86785100
-146169393
-64705246
-65667697
-80844256
-80468513
-10719244
129950333
-5663135
114720254
210497595
-68279362
126423937
61088615
-191083030
151401708
9756579
-12018134
-366847231
-19126116
25489325
-4146613
-4140018
-14243641
-78257433
237334452
137239978
90440324
9333709
-108192132
138332668
-245112422
-80646246
-227177716
-71478415
84835552
-18012265
146466223
-390377441
-10843340
9862409
-37104949
-95838802
-14347895
58462221
-103496557
-214280206
60942832
260212459
-52811544
-193602539
-47412875
45990957
156834840
-18057020
556010
45171297
-317129657
-32363235
-137528999
6392574
271154556
-169380519
51453512
164191752
-122091016
-44178201
122231838
56773140
37282494
-116490687
-1259368
113054207
189073596
155987531
-52984928
79840310
85215139
-46767834
-85131636
25630052
86940754
41022380
93917176
20344495
-12354839
-12998646
-114364324
31290765
38453516
-61908667
6182296
123452393
124341378
44789559
57957460
-40229438
224049649
36414468
69352945
241100871
114338339
131397120
-68270862
20316529
-30672722
-146181814
-91694864
-14134429
131513113
71769884
-42632706
-45888175
-155743762
-60365533
318337627
211531233
-149192129
-166655742
-153066359
-72026313
-104446490
115683989
120840036
-93638521
-284143894
-131443115
83416213
-26928559
-70820045
52974699
110563866
11872609
14791584
-19229934
-48867907
100077732
34366409
-156553463
-185748298
-76848668
9628996
102359662
102282545
-157701563
-158717198
151024988
159138298
65536086
160239072
-111050810
-158181955
122905205
135022847
94594393
165272619
-76994316
207603209
147222524
-19045844
142801970
78018224
122771851
276599019
1432620
-235908256
-273588746
-126664703
55278866
40901204
-200519405
-133092195
77071835
-91236803
-92120861
55662867
-47489413
-91097294
-111636401
-15139210
3435056
-92882701
253957759
216378296
-35588445
191293445
-218171669
-55673137
62800638
131314580
67894114
128975834
406202945
136985699
-136295439
-292982544
-524230705
-632552176
-449954501
-333764385
-134911667
93870498
148210986
211408622
327040513
71777541
-194564822
-254223976
-278077379
-366389795
-617298306
-526611882
-332287862
-159685881
185879181
588348247
611919586
612291780
454422897
33736684
-254219709
-320153912
-442275968
-700143750
169894340
542292129
-646236643
-593442853
-457655904
-660242793
-716028864
-415407404
450977230
98095526
-603002281
-141974300
212981372
502344510
570941689
528164504
585482044
592285208
499067099
548197449
664840399
-646225361
-597956663
89867581
-679026969
-657123623
231126371
633438022
432092581
306571889
55719614
-23061259
-282610186
-292669013
-485733024
-675656774
252042848
586233818
96386620
-165450403
276270135
127848158
-229648357
329880668
191762956
-480229967
-682714612
-704233128
-271570101
-23030480
-289355550
-223751714
-373948624
-405533984
-412046269
-224040804
-57955980
-71608612
-116483899
-105353604
-161446170
-223173074
-134211893
-34546840
-62238855
-52814269
45153920
86982377
85144685
-34445692
132225150
172222773
-75515362
39441153
190913637
142235349
143498680
154059640
289606037
149397539
292814270
320877031
144986676
235195561
285510046
72207055
-99443629
133338405
122717633
171805347
141071707
107677334
80128058
2347721
-71337896
-26156515
194329417
98548617
66706220
175559897
186992561
125328130
199431901
221311933
277574120
462287387
495336560
296231007
453635475
487114785
366129778
215667657
184678444
-118587385
-231964657
193883333
94066163
-67653893
142152422
115468275
-91478019
-57546494
133485735
-44496340
-18458252
-3801963
-76304119
165966766
61853335
-123748755
209348074
110843873
47184861
-5716451
-74659797
-64778799
-135309091
-154253064
119653618
27524290
-27000764
143882708
85161345
-110610518
-175595496
-178412133
-99917264
-107906485
-36019349
-85762841
-106631390
84939574
63755403
33169669
-39952898
-107205727
-48710078
15133456
-20226465
-90899676
121535136
106943396
-52159017
5877932
-8008890
31050902
11596460
96353779
83821905
-5068112
-1749673
125512954
31813835
-35255993
113040868
20416209
75089120
26428328
-8368645
217085761
204391673
9704023
182610941
-127930588
-150663341
102395946
-9462487
52947640
-91152275
21959025
284488043
61208457
155851849
160216625
-13801676
167746007
-1111156
-74912679
173045501
56542735
82031566
-24196969
-60977380
26969682
115031029
104530040
194673215
52484182
-50795576
-92434853
-156442141
-69469198
-84306846
-31365651
-12293673
-34600464
97272756
81192157
-150770134
-28250689
-55858582
-102893762
60184019
-102763952
-54172533
-112034674
-7874788
-11548823
174865269
133953352
-126662276
-203416299
-142304015
152225638
81355835
-92009174
-16308942
-163363488
-150533873
101481844
79180311
-28870655
-88813443
-190738320
21086273
46473126
-89445639
-39774816
-57467260
-73122121
22112618
149780654
-43038424
-81065614
4784401
100822422
-46028059
-40957125
-75469963
100507571
10851253
13912645
201229929
-86166883
-43662448
77971163
22723824
-57257101
-40567706
158804390
-2237974
-5180228
83593519
-1677462
-52229751
17245879
4528700
-35808843
124953958
-8742502
-127974345
139269453
131841883
-134173055
-176614452
-94506295
70054492
-6368708
11919242
95490621
24472727
3340008
44256574
88965158
96227344
24097999
62262637
74396587
-72840993
-78939212
134614362
43707161
-15278531
-89348519
-51992012
-6795752
45776204
9890872
16501960
56985684
-224299537
90518691
96606650
-25976576
75655133
-39415885
97294459
42379679
14096720
90276536
54940980
3085466
-84959383
-26453653
-70520858
-15671353
-177896840
-82481122
32758621
-14064191
154500598
40169941
46070857
79521002
-13271652
-54959169
-102551134
48149723
-90616532
-190448205
139522058
20459832
90078878
137680245
-72038709
-36265346
-36979005
-41517761
117215736
47384236
16805017
-94446686
-150426661
22679293
117532451
209937003
40971795
62916426
114928387
-31142471
59241187
-28519496
-18496439
138329415
167921569
91071689
-79514483
36910021
89673904
101357957
-54417811
-261039453
3766356
92178962
10259168
-53613993
-42726469
-131333743
9317577
135912574
-9944580
25483620
-124295086
-43685845
179676544
150750724
98050225
46958640
103878640
82280008
122058978
214640510
110851058
21889085
35787969
211340693
92158185
-8468673
107784268
44166266
-84561065
-56272959
52240523
-94432079
-55332085
-149466610
-109633667
118534122
66177353
-18547200
-91813491
-10013764
-118496619
-198925090
-81037128
-213762581
-175656068
17429957
-32864188
206516673
19858852
-221954952
30191144
25669099
16113859
182792236
-87877975
-191685143
22966954
82713516
-142544959
-97936208
-1281326
-158251769
-237446954
-64399698
-20222351
-121871824
-62382294
-206819549
-303143839
-250289846
-155311741
-91167877
-151806993
112524381
138427784
16695251
114681028
78699142
313475
-4753193
125600547
-42965492
-174333435
-66310326
-47508899
107046331
78277060
-38714063
-79501882
111672809
176597570
-108765610
-156163118
89141600
198163437
94216808
-48304623
-36534113
-60052964
16424747
270002561
-31169865
-182798661
63630590
1664755
232101
81471330
195468211
155982018
-24938910
106734523
12815359
-245188057
-187096119
13172850
92865223
141626715
11896318
-248715390
-101594432
94828994
-1323996
-26616505
87590799
127524147
172211819
192676952
52367493
-10524569
69775643
109323660
-106801310
-90489257
3754575
-113901167
196324377
-38091067
-15951783
78046784
11448304
9544011
52173823
337908851
-39180784
-56710485
57958911
51623842
113776018
32978230
-333590110
-133383497
-18925527
82370345
-146824423
-47264758
3696130
-55245744
4290702
-18200006
146920451
-6869918
9667850
138452085
107820467
16090670
-38247759
111480285
158172520
65267509
67302719
83725338
104595065
82450956
170199627
-67146694
5517222
208551546
-10194759
-119399330
-147001984
47644423
-59044045
-144355072
88656831
151926701
-46560832
103072423
-58827615
-27235972
31790353
-107268981
-109978305
-258766803
-302662694
27103395
192540454
53312522
17353341
-56442350
18657327
-13999142
20290843
44714772
-89463936
104592790
70216154
197789006
58539449
222961130
55323591
-12831604
-49111878
-161181403
-126135012
15280738
78756461
35433726
53328134
-36548386
-71064693
123974157
-135686116
-134766186
-55632889
-61982578
6833460
46309199
274207228
47125930
-158553955
76302222
304479586
29813465
75164525
-36717449
24664767
21901917
-259961164
-70583185
-142504804
-17392193
31766645
126214243
255168371
193358233
1876276
31209147
114970117
150398975
259494293
58445523
280284054
157788129
-144468248
123881457
108512525
143324385
93074767
8995098
184588452
50721926
-103684130
60910994
-74385177
-30431120
108512196
120892600
-28136974
77820551
66034852
-111486703
-74304180
-199186494
-145929541
33144832
60140779
36095728
-126650064
-110804441
-96269202
-63631229
69299366
-19630174
38207866
-83944598
-136537346
94620285
34645604
-89027248
-11256230
95635759
15024725
-41016575
-96573032
-25234735
-20445628
-122648143
-16893530
-84236493
-21809552
1508573
-13197424
-43601402
-86952542
-30388761
-70516281
109567479
34389911
-53578896
117747421
97161583
-17540385
164802460
154154649
112861785
-49510683
-27935059
14123479
-101261749
94946016
184552589
61998601
70400542
82016156
135408559
-43575498
99544455
-14436365
-134191210
168101755
190172055
166470370
76063176
128075459
286450144
107556790
140482043
139154985
189991002
159232825
162312131
239595688
196531673
313962789
157204063
-190885303
-159952575
30740706
-77527158
-5184533
-9083728
-107363319
-74415003
113582409
83927225
-293409019
-398197416
-367850835
-439744669
-155988402
57107309
281345937
196223648
122864508
153755520
-201082528
-47882548
-40678918
-70497964
-267499075
-203904155
-221028623
-387539359
-30964094
176206426
28373837
-58669460
-233413996
-287403075
-243773113
-459889182
-618653954
-627550889
-483410743
-253856527
-187796698
-137247021
-268139428
-332198909
-587274919
-480891050
-768726132
-94333922
430699128
-607103698
-338234728
-249851255
-386147254
-67695297
176766247
54550859
-98961869
177602499
133268871
-30015821
35122148
83466194
-116064390
-56268579
21958366
-3876933
101200211
269521225
288282341
373242147
322998107
486311017
450714960
349945956
491744553
623509531
583912888
528214649
658652790
711931443
474484663
537414851
614315790
504788302
560607168
390138347
103772828
225779929
124682120
148890271
-16484716
-153830057
-57477167
-120469228
-147390575
-89896815
25274401
322414290
707481626
423510247
131915767
-51258839
-574759767
-257038406
159641135
-700003378
-396846875
-172119963
-301067455
-110425273
-91598534
187057388
219132930
148854769
25101015
144734266
-94539842
-21774189
85116894
-168754118
-324482577
-333244609
-249716081
-216972799
-210579562
-203123288
-395108827
-442618003
-220805623
-249588863
-271017052
-76127088
12171872
-43580134
37251744
193666281
142387945
244705043
91603584
112172149
361586206
53812666
43183195
286022371
15120789
14462697
-16016051
184940663
175785529
72536374
122691329
-53100158
-148241310
39814007
165320799
392397611
191423560
-126386603
163789980
114313031
-305651598
134993253
181272948
-181838011
157543005
352060588
-450991737
-622884574
-90030995
224774309
298460962
89822657
447561472
409921257
-216808723
-433170390
189454040
486586146
83517007
-9680176
-253982412
-589043631
-591157459
188303756
385405133
-43606129
-292144734
-183545496
-406712585
-263732685
90192780
384069126
116322764
-545695927
-493996075
-134025309
140657744
213726734
334769775
110264014
-198614884
-306480026
-37493775
149899787
83250909
22518075
261126047
232025492
111760850
51815897
109854933
231233097
-44866351
-155175986
27167702
-50127116
-191858249
-23110536
329397785
160686707
-87905020
-257301485
32877004
266563141
58184069
-228457734
-212072424
-371726418
-448547483
108277805
270569756
-251250770
-216226869
419559435
142334987
128312795
-57784767
-179971869
-33600715
-237333552
-438422204
-44472738
132057055
260351132
222648692
8376565
-73394333
9215905
-84157236
-48738095
-158451292
88128875
351341317
-66332991
26407237
131195114
111452438
101668249
107595228
73933533
-144092961
-271419039
-53231485
208339859
118278087
-8562789
-139684034
-251841927
-66564181
47578274
-71649180
259174538
87996549
-113584234
-33893448
-168524791
-33181583
-58557364
56320204
355795537
-98902151
-281634240
163177312
41651586
1858688
-50450569
-91849993
-24750388
55842006
-1088743
258178869
250632669
21011931
-64228863
-23012822
43653281
82108345
93545917
6785748
30216565
30439808
118868106
144333378
281534267
253607388
12307614
-82426741
-136128361
40461582
90047277
-23796173
70451538
57083834
1388817
-30278007
-42835488
111807760
153281226
-117452805
-187001936
-25741190
2852797
-58986712
-46706201
-23180569
-94905571
-94547633
-166968061
-146946112
-48685044
95573840
173489917
-37748093
-189899671
56588704
-3855082
316756564
152111618
-354981515
-199935892
-248290446
-545357422
-228050386
20115705
-116026192
-16078234
51744686
-123677299
44534922
202294792
197325582
7530940
44935854
-132649912
-276289482
2406948
-160826928
-68759789
-159082678
-6613097
-84650598
-27426299
35089992
-102566758
-111066181
-52471687
27122386
-23143153
9473633
-275458143
-77785467
67413392
80368469
69109905
-21049495
173538758
-145059665
-29643370
175951199
56238463
6949686
1162241
-5248640
4777454
26482524
-61164576
13053737
-19391577
32745261
-70061501
-60955964
-39331939
-120817738
47199529
-21024651
-24166592
-100568713
-60657767
-14253697
-134905454
-117500060
84186726
163996017
15434849
38773498
-8229966
-58072960
-60081819
124382837
52368875
-146879217
-219825009
64141289
36437070
-104658580
-150640501
45197744
-71275022
-150918715
71766538
85161137
-32267253
-114295979
-128961074
20426076
-133092980
-169834673
-158419801
-70839304
177726736
-36124056
158356667
119643149
-183887227
-143501708
-26427703
17758943
27636173
99246836
-60352784
-136063380
-48804136
-38551306
-17113518
133817732
-151280822
-127996501
188689866
-93453392
-265318570
-36289330
55482569
-51744658
-81694223
-14198677
-29232562
78339535
165822282
144209065
-25288222
-2762071
124635771
34654305
165824463
180327371
-64030076
194316375
83738566
11080268
-81840511
72922240
150840753
-34860901
34082721
-17558844
-22110437
-89380920
-13315590
146659539
24064560
50817157
-198969955
54122819
62173383
-50052832
-2461782
114052163
41836354
29114891
254309599
41717915
-68885316
-54674058
51890705
109418822
95044021
-44247173
-84534688
113546531
-55943623
-6338678
13871334
-5442099
16045234
-56561396
-98739382
-46386739
80227563
-44760405
-33046637
-58170486
36718890
-73444979
-112185925
15839940
-38909330
-39193643
-7113649
-25870761
51325815
101958115
92160541
-174420359
-33546638
102259863
156854643
123126958
111474664
93870598
-126486209
111925775
145969476
-105426215
-154070856
-81503227
-172146457
-110451207
-86812992
-115599535
-217645382
-131239567
42714692
-9773353
-77103549
8923547
237999434
-54239651
-156225734
-24460468
-119995326
-105900120
-77707570
20076406
-51522032
-75334876
141668132
51381859
34173571
18557684
13829980
-58407227
-29597902
-32954620
-99605345
-82959800
93412398
-70846682
-57891572
58645696
42585384
-66031954
-57665790
5133217
61705698
128248651
46405183
194280505
50272850
-45486389
226875191
143520180
-139913972
14466379
-58466151
-152934742
-90901528
-79449817
64597663
-2984417
-35189148
126205915
85307322
-9248476
56154767
-17410383
14433235
252711730
81730738
-45272207
47117877
-34374109
48158171
-184123639
84943257
221131230
-76166484
4494661
40914109
-108651241
149627774
17237174
7995505
24502758
-25435963
57257747
116490038
-64240747
-231179351
49509357
12132433
166152693
296764074
97521155
58303846
-9835844
150862584
68804189
-62486116
113936952
99023288
24932721
8485384
5783514
64814138
-28563054
-95646370
-44672887
-16814536
-91114992
-186857148
-139330664
10710549
150901003
137410243
91960001
-86829143
-117607439
156816178
63137198
77998158
27092812
87891066
133395420
20343896
-44847992
-111496088
-80051221
-64564473
104299261
159731632
47758928
-61151723
104162789
46663819
21710710
28081643
170803164
147576065
-14668112
-141812458
-268526006
-149518334
167308612
260655317
-136457769
-240658161
-324962937
-262646068
-186152836
-19657570
465721267
3700044
-512466455
-58940486
85598305
-132724651
-55039254
236089155
391651692
-270376436
-415682002
21065059
-74368984
72275069
170346579
341502502
218414968
-475018814
-311937562
161198225
64182790
-95974323
237518613
228121373
-34737327
-356918268
163427182
252917777
-200587468
-107794728
402303677
268931365
-337241824
-214008329
97138857
-111846528
-250524651
236189926
512699174
-20818490
-551421336
120934056
336321399
-335370887
149143785
719024664
259067131
-352486360
-134568350
167160944
-3515573
-107450261
395036217
511205410
-18813787
-183968726
-74151109
255296280
13798288
-132300870
281307992
88362521
-129013658
-237468905
-222694262
-91870213
-206838560
-295657039
-75677010
122811390
-230810568
-46146333
17463952
76501912
32544840
-473121250
199269813
190720991
-288392609
300843577
64602661
126242875
-3237822
-71636945
330774999
-139214352
54031915
269113939
-75098554
-317434770
33243689
442571128
300477540
-14303714
158754281
-54093571
-161503307
-219382351
7293711
302624329
-215770569
-16502067
-76312897
-142394255
-78930714
-185561956
347606857
204080046
-263810849
-149070596
-189001964
-20251583
-193760292
-207303994
586013036
183878611
-180529308
-97402483
-192803889
64144795
-93429023
85554925
352769986
-190915209
-126238356
6650598
-17143532
87327123
-206305422
370755897
457472235
-349177978
-211736823
59643925
-58771285
-62384193
-116772153
552325887
271376962
-294186183
-96656034
72353322
63890493
-342063609
78117801
478077067
7277679
-53513284
-22304814
-95939701
2952532
-217116483
197525091
490386778
-233218911
-159260580
209720011
33153788
-241808800
-100999302
458335405
48366303
-258207344
85948766
-3280274
-135888959
-345027958
119550999
631284818
-60625683
-325117159
148256626
-33128640
-205715084
-101670325
373272059
407419151
87219805
51546926
-197425626
-66921443
-354193106
-79029068
307856783
-108890899
-368035222
99043968
47503678
-225447729
-263346167
-1537410
318739202
-39355131
19396256
42153836
-165425034
-204578952
-155154517
105230224
394760053
108117787
168054414
106345752
-133267215
-103543576
126527849
321339069
-176713641
-108721377
8553109
-55656377
-91879951
-137503995
238496921
514649255
-85315329
-182837629
-42440411
-141258388
-139590818
-29881644
438596550
129988264
-131213924
53849506
-7578793
48074397
-233589021
-99365515
570885747
241949195
-174080982
-205307478
85532327
20279012
-145709578
74668644
357614925
34295910
275046165
112213398
84936158
35991755
-97822544
-224870965
111430779
140966170
-46175585
-94751929
-15506498
175775455
150033771
-362514147
213629469
264656138
-385887349
-264396401
1904059
-130974616
-149155083
-108340196
488298940
162875118
-215411794
-276456344
4002786
16114069
-133080784
215590167
550575708
49226901
-149729769
-51643450
-16189775
-50403273
210013828
-325033738
-145046220
38302089
14271416
-140268102
-146050327
31162362
-104856751
112024316
-18614959
-226717303
-390963317
-294735156
86185181
-349393453
-129861873
-53823738
33834617
94935097
76981265
-20484664
23586369
-81884761
-241521261
-52334768
272385187
106032291
49694402
231748677
397354495
145273135
37422587
94383215
-196077015
43303889
182259298
2653555
-79107348
-107068298
449054239
213562292
-63096427
126954401
81037002
318221019
224512312
309821798
134265728
120240879
-15929358
-89755786
213956834
103972048
-95371564
-335661582
-80127183
-6488021
19291104
114284522
165222423
272682941
-16004226
-125394882
-21547052
-15745975
-44062687
-17828196
91875419
56590698
-141567438
-30083782
17100969
-88888706
-54181038
285008980
271438632
-81894482
-33353550
-87544560
169000592
27361779
-145265700
133200386
-20273867
-125431213
51122985
-61778168
-92178791
-21331344
-295448679
-162694405
-341274685
191326890
179915782
-97680000
-31045029
316410707
171817509
87306191
-263411505
-240594042
-39480976
-55290313
149320028
186154451
129787716
-105286291
-146702349
71219758
-73506059
116899672
-54165200
-67176072
-299204327
236677976
401634998
121420932
198475059
208127983
-171526055
-468599477
-457223079
65059601
178249622
-231951467
67194471
-6344268
-131783822
-59925498
-52617206
37570982
-330011039
105757862
441586084
-44176477
-166168367
-548366326
41848995
279361330
-2806038
-193434279
363066640
-200611262
168163902
658458853
195936738
-204441226
-119306924
-292481542
-8871362
-186486188
-156977241
287881632
385526872
-72542157
-196272551
110389148
268639338
2596360
-203638816
-481718685
-9337668
239804531
-78971256
145947355
8897303
-284310567
-196841444
-215584421
127078697
90899520
-129443766
428519402
388438790
-481100975
135854163
692578874
-71168117
41432493
357771081
161714939
-241097821
-280950761
-52140771
-70779558
-129370580
89752482
47453038
-70305682
121128822
-216607637
82545669
389090469
-49064891
-101809036
223138133
13278292
-237732190
6664211
137420432
-1607655
-127525210
-73498495
-198576478
-260191047
-265689746
-433405816
41734046
320479738
60607353
-67783638
-14166673
-183519542
42642387
250231371
-224097491
-122528664
180307765
183037649
-17233972
-218314813
-38195142
275732948
-225808027
-272692261
62805059
114342090
135311752
134858329
227545513
170937711
165731552
53195715
-112673123
115065495
129795641
74646670
153354789
-131067492
-244109062
249674467
34279155
-161827335
-286752206
335146793
338093357
-38211222
26202129
-180274548
-49468439
-106155467
-167050915
15300540
23380936
-40841461
-277208083
102337486
300362097
-201781551
147272417
250011166
83639865
-60156159
-106962298
-108626304
-168858599
-144823311
-48507298
-246644988
61965242
50555312
-96115315
272775522
-13691204
-67002758
170521705
227897381
-27650176
-166159626
68099607
114675146
-116284511
355768031
366069769
-67040436
17074264
-16514649
-70110668
-182470195
138827783
-30864607
-12680122
-7505553
-100975683
-18766632
-88328404
102293640
-209682823
-264792149
122138829
-71492755
-216305358
-149465056
-313248333
-300867528
-71715052
412845407
177034901
24553545
-135605162
-38047672
-69493456
-468681859
-88255698
515960759
146052035
-33879650
-163221604
121202524
120167813
-210505587
160115724
195120646
38736990
-4861868
102015566
-962269
-157535474
-20862837
237448410
328583934
-57974052
-31541019
12590011
-150090948
-198921929
129519561
474469165
-79764278
161060798
289573671
194488306
68049477
-73448954
-147661536
-106274772
-192614066
-274983070
178774714
-71745199
-298838899
-58290720
-206644816
59484897
-110389849
12163752
209637734
-477697631
-527000591
23573428
260285618
-206951662
-277785447
128968567
-23300239
-65577467
-130582460
169160837
-66342421
-26233350
-95393025
-209037561
-283898431
17360406
-12100282
167272494
-24713627
-342101852
6139856
-134591185
-96721142
29209980
-102764164
428433629
77998875
-305733475
220080592
-7324400
-190282710
-238641117
98158395
508808862
93022455
-122345468
47770951
-132684319
97763877
-128484432
110519011
589502555
82840884
-277697070
-75578651
72877204
88250805
-70525981
96697868
457283737
-100577134
-315879715
137272918
-151382476
-112067935
-18200774
136204797
341635563
-85774998
-207231205
-113404620
-137851530
-88467487
2796062
204548348
520883067
212184661
-122839891
-364505590
-353985640
207260665
-115137900
246796777
297756122
-309532109
-8880560
-20728051
-59521040
290737075
75205981
-216805639
480966258
480095869
-333649045
-448516720
90696778
169476322
-351306122
-265880163
387544219
176089451
-189225305
-18484556
219918817
72326147
-235093343
-212542740
416151929
132693426
-330203857
-71650801
54519130
120351555
-128273865
207822953
432222518
-108584750
-294934126
-162431976
12436584
128267396
-225659305
226378323
462486850
-229092133
-232032681
-380976581
-102013912
143343432
-92627258
530919081
270988042
-127980707
-241156057
-274796039
172624587
-292060425
24619991
730421546
133077881
-175542379
-194560793
-206237171
-26533679
-204981211
-2750856
459122919
78204538
96126675
-186817905
-61267392
229986446
154574844
46943005
-328516470
-153020430
231674855
-180577037
-405528264
87810024
-15019904
21258121
-193571882
-211027196
-100764275
-239063142
-120475395
356879484
361875281
-106546293
-369909101
-66685450
145010168
94530903
108561130
-46254212
-33209976
-19198230
163201171
128558463
22332064
-319019276
-498821129
252211540
464901695
-175777715
75462064
69600646
-28631821
-168272807
-141961143
1863109
191498039
28056935
-312599745
32687398
249839349
-353374554
-342584882
191589366
160815810
-158260710
-199215389
-100332708
52284773
-158276663
-246100290
190476257
262080660
-188095490
-278943073
155969894
92953895
-335576881
27587704
156474600
-214288658
116356878
149836384
-57162941
67779474
199832086
276270104
307414529
231640862
69079011
147791157
127492908
195799275
66620959
-121088678
-18605809
-181206891
-104923585
65328711
-52998585
161636288
-72690312
-116078888
99160649
-25085392
-248591054
-74212599
42679408
-3346504
13161318
15875351
48313437
159837221
-68102864
7339094
-16365832
-39370544
188977363
56376181
-257144989
111282126
276385426
-94184724
-74012276
99857636
8221237
-74034392
-23726803
-128242359
6304226
38444327
19110853
72961860
42893050
-34789567
72462276
56953323
49782523
158633054
-46878497
-55161515
39800904
-88564665
100391983
169653481
-35442226
37658824
164067250
3722998
51264549
278083684
239202646
45985049
-143059587
-236155999
-32511696
24658322
375569064
335428809
-289024379
-188531622
-31172501
33523405
65985874
55225622
352163116
-24809804
-343169914
41877774
-72946508
-208687760
-65454114
131275146
48029419
-318025854
-232287525
-13971852
-27191691
-79364298
77860464
-167867342
-132397545
-61513629
163269905
-43954411
17982020
124674295
30957684
-84894330
61447087
42338936
-37213127
-85442212
697891
-107518542
-216345413
162716929
222004221
88931392
-38486765
-285341855
-188614353
79450795
203035576
126750762
149600544
146956888
-152938330
-95032465
202607209
225749303
-36783601
-123368823
90770860
162149694
-18054208
-17166783
137020159
29330277
-42152062
143595145
359696722
-28770877
-108127143
-6980066
-168784419
4622739
166066705
295790198
-90994124
-9663308
-3418017
-196753212
-222149051
-211482424
169189578
181382898
-197359366
-123428023
-125900679
-127667368
-102298545
17143464
430877802
210759708
-284862743
58228233
-48563347
-71840750
62110364
56541276
258616480
160560550
-95925675
136767585
-67854248
-249194492
-29512985
-137234343
207547384
296936214
-88946656
-226215433
-165869960
-109824067
-189271030
-178317654
264039617
70424541
-268754091
-104917485
-363484249
-205036685
-84726254
-44957112
200764137
274199716
-292239161
-198460692
21224013
-83048425
55366668
60619006
237313361
88492838
-222962112
-133303506
26008740
31171245
-94869415
-26630448
466893638
261638588
-352717298
-174152709
-101913184
-54233023
102434748
-12360011
169741448
154305118
-241274697
-225900689
-2744118
69389217
-50024299
-127971565
148483795
158901374
-136857073
-6554544
-323277409
-82897102
-231891289
-261578996
443796861
349855292
-189133273
-259929372
-76200433
244503073
-75074762
-369117446
222234515
251801300
-223076415
-481994852
22245179
61669629
-192950241
-142312538
290896808
416254073
-162153620
-474653209
-119417470
54203266
-51620027
-21167647
424738696
485934457
-135292355
-381566377
-37248739
-8860482
-59431672
-203750077
278995421
366523145
-151654902
-366710058
-106878101
-112646520
-33822300
-8461461
357214493
296853233
-378834056
-373452743
-215593656
11127473
120801550
150433221
251676714
42436757
-199062896
-287307653
-114921589
-57682662
220534441
272953331
251541258
-170796755
-281890836
-19456581
-198913920
70468779
174349149
34815663
237859284
-58087867
-272056215
-275244635
-417551090
221894020
141585084
64223291
182924340
-116135369
96618135
-192993638
-299444948
254703584
83927560
63622322
250939330
-36336001
-119953299
-191634107
-232962644
326953135
144169800
15417548
232711277
4681372
-190408050
-259587558
-269073229
141367058
140499641
-70676998
128850311
-263481851
-312251275
-217820986
-34052018
180013544
50651812
167957408
85455717
-261146188
-168271254
-60894334
-240351593
7330826
213544635
406803284
194466960
-169518114
-180292221
